 -0.52347094386597504        1.7779550840068678E-012
 -0.52251220587354652        1.7846543703342443E-012
 -0.52155346788111800        1.7913916004618923E-012
 -0.52059472988868949        1.7981670614760087E-012
 -0.51963599189626097        1.8049810431829528E-012
 -0.51867725390383246        1.8118338381408220E-012
 -0.51771851591140394        1.8187257416902026E-012
 -0.51675977791897532        1.8256570519858543E-012
 -0.51580103992654680        1.8326280700294549E-012
 -0.51484230193411828        1.8396390997023587E-012
 -0.51388356394168977        1.8466904477991777E-012
 -0.51292482594926125        1.8537824240587379E-012
 -0.51196608795683274        1.8609153412012199E-012
 -0.51100734996440422        1.8680895149615329E-012
 -0.51004861197197571        1.8753052641237245E-012
 -0.50908987397954719        1.8825629105576503E-012
 -0.50813113598711868        1.8898627792522534E-012
 -0.50717239799469016        1.8972051983548446E-012
 -0.50621366000226153        1.9045904992076264E-012
 -0.50525492200983302        1.9120190163829894E-012
 -0.50429618401740450        1.9194910877234581E-012
 -0.50333744602497599        1.9270070543779457E-012
 -0.50237870803254747        1.9345672608445240E-012
 -0.50141997004011896        1.9421720550058733E-012
 -0.50046123204769044        1.9498217881708807E-012
 -0.49950249405526193        1.9575168151161821E-012
 -0.49854375606283335        1.9652574941252371E-012
 -0.49758501807040484        1.9730441870319412E-012
 -0.49662628007797632        1.9808772592617632E-012
 -0.49566754208554781        1.9887570798751231E-012
 -0.49470880409311929        1.9966840216111414E-012
 -0.49375006610069078        2.0046584609304009E-012
 -0.49279132810826221        2.0126807780610650E-012
 -0.49183259011583369        2.0207513570436342E-012
 -0.49087385212340517        2.0288705857770296E-012
 -0.48991511413097666        2.0370388560654251E-012
 -0.48895637613854814        2.0452565636638732E-012
 -0.48799763814611957        2.0535241083295576E-012
 -0.48703890015369106        2.0618418938671152E-012
 -0.48608016216126254        2.0702103281795580E-012
 -0.48512142416883403        2.0786298233180836E-012
 -0.48416268617640551        2.0871007955326402E-012
 -0.48320394818397699        2.0956236653233189E-012
 -0.48224521019154842        2.1041988574935176E-012
 -0.48128647219911991        2.1128268012004371E-012
 -0.48032773420669139        2.1215079300117705E-012
 -0.47936899621426288        2.1302426819580684E-012
 -0.47841025822183436        2.1390314995889648E-012
 -0.47745152022940579        2.1478748300289764E-012
 -0.47649278223697727        2.1567731250344953E-012
 -0.47553404424454876        2.1657268410503901E-012
 -0.47457530625212024        2.1747364392705700E-012
 -0.47361656825969173        2.1838023856960473E-012
 -0.47265783026726321        2.1929251511953213E-012
 -0.47169909227483464        2.2021052115655956E-012
 -0.47074035428240613        2.2113430475948705E-012
 -0.46978161628997761        2.2206391451251403E-012
 -0.46882287829754909        2.2299939951160427E-012
 -0.46786414030512058        2.2394080937084559E-012
 -0.46690540231269201        2.2488819422941210E-012
 -0.46594666432026349        2.2584160475769922E-012
 -0.46498792632783498        2.2680109216454081E-012
 -0.46402918833540646        2.2776670820384748E-012
 -0.46307045034297795        2.2873850518173384E-012
 -0.46211171235054938        2.2971653596342931E-012
 -0.46115297435812086        2.3070085398068773E-012
 -0.46019423636569234        2.3169151323882017E-012
 -0.45923549837326383        2.3268856832441250E-012
 -0.45827676038083531        2.3369207441253650E-012
 -0.45731802238840680        2.3470208727458411E-012
 -0.45635928439597823        2.3571866328599518E-012
 -0.45540054640354971        2.3674185943403135E-012
 -0.45444180841112120        2.3777173332585940E-012
 -0.45348307041869268        2.3880834319653955E-012
 -0.45252433242626416        2.3985174791744674E-012
 -0.45156559443383559        2.4090200700449807E-012
 -0.45060685644140708        2.4195918062656294E-012
 -0.44964811844897856        2.4302332961430532E-012
 -0.44868938045655005        2.4409451546877445E-012
 -0.44773064246412153        2.4517280037027267E-012
 -0.44677190447169302        2.4625824718748491E-012
 -0.44581316647926444        2.4735091948658882E-012
 -0.44485442848683593        2.4845088154054545E-012
 -0.44389569049440741        2.4955819833856550E-012
 -0.44293695250197890        2.5067293559574862E-012
 -0.44197821450955038        2.5179515976276342E-012
 -0.44101947651712181        2.5292493803576892E-012
 -0.44006073852469330        2.5406233836656698E-012
 -0.43910200053226478        2.5520742947260472E-012
 -0.43814326253983626        2.5636028084771280E-012
 -0.43718452454740775        2.5752096277215471E-012
 -0.43622578655497923        2.5868954632381848E-012
 -0.43526704856255066        2.5986610338883800E-012
 -0.43430831057012215        2.6105070667261173E-012
 -0.43334957257769363        2.6224342971125046E-012
 -0.43239083458526512        2.6344434688287344E-012
 -0.43143209659283660        2.6465353341907980E-012
 -0.43047335860040803        2.6587106541686781E-012
 -0.42951462060797951        2.6709701985067968E-012
 -0.42855588261555100        2.6833147458437948E-012
 -0.42759714462312248        2.6957450838382319E-012
 -0.42663840663069397        2.7082620092916749E-012
 -0.42567966863826545        2.7208663282791889E-012
 -0.42472093064583688        2.7335588562766534E-012
 -0.42376219265340836        2.7463404182949414E-012
 -0.42280345466097985        2.7592118490116082E-012
 -0.42184471666855133        2.7721739929090340E-012
 -0.42088597867612282        2.7852277044129804E-012
 -0.41992724068369425        2.7983738480307343E-012
 -0.41896850269126573        2.8116132984986743E-012
 -0.41800976469883722        2.8249469409226010E-012
 -0.41705102670640870        2.8383756709315818E-012
 -0.41609228871398019        2.8519003948223137E-012
 -0.41513355072155161        2.8655220297164959E-012
 -0.41417481272912310        2.8792415037141324E-012
 -0.41321607473669458        2.8930597560530053E-012
 -0.41225733674426607        2.9069777372667820E-012
 -0.41129859875183755        2.9209964093525872E-012
 -0.41033986075940904        2.9351167459335117E-012
 -0.40938112276698047        2.9493397324297826E-012
 -0.40842238477455195        2.9636663662294132E-012
 -0.40746364678212343        2.9780976568642927E-012
 -0.40650490878969492        2.9926346261872544E-012
 -0.40554617079726640        3.0072783085541929E-012
 -0.40458743280483783        3.0220297510036836E-012
 -0.40362869481240932        3.0368900134525086E-012
 -0.40266995681998080        3.0518601688762345E-012
 -0.40171121882755229        3.0669413035113189E-012
 -0.40075248083512377        3.0821345170456257E-012
 -0.39979374284269525        3.0974409228245008E-012
 -0.39883500485026668        3.1128616480500589E-012
 -0.39787626685783817        3.1283978339915044E-012
 -0.39691752886540965        3.1440506361953824E-012
 -0.39595879087298114        3.1598212247017094E-012
 -0.39500005288055262        3.1757107842585406E-012
 -0.39404131488812405        3.1917205145509458E-012
 -0.39308257689569553        3.2078516304213559E-012
 -0.39212383890326702        3.2241053621043413E-012
 -0.39116510091083850        3.2404829554576501E-012
 -0.39020636291840999        3.2569856722057909E-012
 -0.38924762492598147        3.2736147901761294E-012
 -0.38828888693355290        3.2903716035523344E-012
 -0.38733014894112439        3.3072574231247071E-012
 -0.38637141094869587        3.3242735765445598E-012
 -0.38541267295626735        3.3414214085864596E-012
 -0.38445393496383884        3.3587022814147343E-012
 -0.38349519697141027        3.3761175748524946E-012
 -0.38253645897898175        3.3936686866578870E-012
 -0.38157772098655324        3.4113570328049798E-012
 -0.38061898299412472        3.4291840477676528E-012
 -0.37966024500169621        3.4471511848127497E-012
 -0.37870150700926769        3.4652599162948200E-012
 -0.37774276901683912        3.4835117339587931E-012
 -0.37678403102441060        3.5019081492444009E-012
 -0.37582529303198209        3.5204506936031284E-012
 -0.37486655503955357        3.5391409188137916E-012
 -0.37390781704712506        3.5579803973103919E-012
 -0.37294907905469649        3.5769707225077907E-012
 -0.37199034106226797        3.5961135091446147E-012
 -0.37103160306983946        3.6154103936221205E-012
 -0.37007286507741094        3.6348630343555107E-012
 -0.36911412708498242        3.6544731121304717E-012
 -0.36815538909255385        3.6742423304661808E-012
 -0.36719665110012534        3.6941724159854636E-012
 -0.36623791310769682        3.7142651187893156E-012
 -0.36527917511526831        3.7345222128454511E-012
 -0.36432043712283979        3.7549454963769514E-012
 -0.36336169913041128        3.7755367922621027E-012
 -0.36240296113798270        3.7962979484403206E-012
 -0.36144422314555419        3.8172308383288584E-012
 -0.36048548515312567        3.8383373612435071E-012
 -0.35952674716069716        3.8596194428289913E-012
 -0.35856800916826864        3.8810790355007950E-012
 -0.35760927117584007        3.9027181188911955E-012
 -0.35665053318341156        3.9245387003056366E-012
 -0.35569179519098304        3.9465428151896560E-012
 -0.35473305719855452        3.9687325276001328E-012
 -0.35377431920612601        3.9911099306953274E-012
 -0.35281558121369749        4.0136771472212005E-012
 -0.35185684322126892        4.0364363300219840E-012
 -0.35089810522884041        4.0593896625489058E-012
 -0.34993936723641189        4.0825393593854159E-012
 -0.34898062924398338        4.1058876667805965E-012
 -0.34802189125155486        4.1294368631957046E-012
 -0.34706315325912629        4.1531892598583975E-012
 -0.34610441526669777        4.1771472013315869E-012
 -0.34514567727426926        4.2013130660895234E-012
 -0.34418693928184074        4.2256892671115419E-012
 -0.34322820128941223        4.2502782524793848E-012
 -0.34226946329698371        4.2750825059983497E-012
 -0.34131072530455514        4.3001045478192809E-012
 -0.34035198731212662        4.3253469350806120E-012
 -0.33939324931969811        4.3508122625623922E-012
 -0.33843451132726959        4.3765031633528006E-012
 -0.33747577333484108        4.4024223095266147E-012
 -0.33651703534241251        4.4285724128442555E-012
 -0.33555829734998399        4.4549562254566583E-012
 -0.33459955935755548        4.4815765406331376E-012
 -0.33364082136512696        4.5084361934989424E-012
 -0.33268208337269844        4.5355380617891816E-012
 -0.33172334538026993        4.5628850666213144E-012
 -0.33076460738784136        4.5904801732823463E-012
 -0.32980586939541284        4.6183263920311957E-012
 -0.32884713140298433        4.6464267789222572E-012
 -0.32788839341055581        4.6747844366395792E-012
 -0.32692965541812730        4.7034025153588450E-012
 -0.32597091742569873        4.7322842136172796E-012
 -0.32501217943327021        4.7614327792116513E-012
 -0.32405344144084169        4.7908515101069507E-012
 -0.32309470344841318        4.8205437553743933E-012
 -0.32213596545598466        4.8505129161390443E-012
 -0.32117722746355615        4.8807624465582034E-012
 -0.32021848947112758        4.9112958548155361E-012
 -0.31925975147869906        4.9421167041378039E-012
 -0.31830101348627055        4.9732286138335062E-012
 -0.31734227549384203        5.0046352603574233E-012
 -0.31638353750141351        5.0363403783953366E-012
 -0.31542479950898494        5.0683477619763170E-012
 -0.31446606151655643        5.1006612656044998E-012
 -0.31350732352412791        5.1332848054224586E-012
 -0.31254858553169940        5.1662223603992875E-012
 -0.31158984753927088        5.1994779735353996E-012
 -0.31063110954684231        5.2330557531150037E-012
 -0.30967237155441379        5.2669598739672460E-012
 -0.30871363356198528        5.3011945787655250E-012
 -0.30775489556955676        5.3357641793568123E-012
 -0.30679615757712825        5.3706730581146474E-012
 -0.30583741958469973        5.4059256693350092E-012
 -0.30487868159227116        5.4415265406530862E-012
 -0.30391994359984265        5.4774802744948951E-012
 -0.30296120560741413        5.5137915495709648E-012
 -0.30200246761498561        5.5504651223929366E-012
 -0.30104372962255710        5.5875058288338827E-012
 -0.30008499163012853        5.6249185857224901E-012
 -0.29912625363770001        5.6627083924752083E-012
 -0.29816751564527150        5.7008803327649427E-012
 -0.29720877765284298        5.7394395762314019E-012
 -0.29625003966041447        5.7783913802339130E-012
 -0.29529130166798595        5.8177410916387853E-012
 -0.29433256367555738        5.8574941486576481E-012
 -0.29337382568312886        5.8976560827274513E-012
 -0.29241508769070035        5.9382325204312529E-012
 -0.29145634969827183        5.9792291854715081E-012
 -0.29049761170584332        6.0206519006895032E-012
 -0.28953887371341475        6.0625065901296268E-012
 -0.28858013572098623        6.1047992811594833E-012
 -0.28762139772855772        6.1475361066412179E-012
 -0.28666265973612920        6.1907233071513593E-012
 -0.28570392174370068        6.2343672332648735E-012
 -0.28474518375127217        6.2784743478839029E-012
 -0.28378644575884360        6.3230512286336066E-012
 -0.28282770776641508        6.3681045703147401E-012
 -0.28186896977398657        6.4136411874164879E-012
 -0.28091023178155805        6.4596680166928749E-012
 -0.27995149378912954        6.5061921198080363E-012
 -0.27899275579670096        6.5532206860374060E-012
 -0.27803401780427245        6.6007610350574112E-012
 -0.27707527981184393        6.6488206197795237E-012
 -0.27611654181941542        6.6974070292833861E-012
 -0.27515780382698690        6.7465279918061710E-012
 -0.27419906583455839        6.7961913778175261E-012
 -0.27324032784212982        6.8464052031747056E-012
 -0.27228158984970130        6.8971776323532182E-012
 -0.27132285185727278        6.9485169817695696E-012
 -0.27036411386484427        7.0004317231838422E-012
 -0.26940537587241575        7.0529304871987590E-012
 -0.26844663787998718        7.1060220668398895E-012
 -0.26748789988755867        7.1597154212476946E-012
 -0.26652916189513015        7.2140196794495893E-012
 -0.26557042390270164        7.2689441442421750E-012
 -0.26461168591027312        7.3244982961772421E-012
 -0.26365294791784455        7.3806917976533645E-012
 -0.26269420992541603        7.4375344971153133E-012
 -0.26173547193298752        7.4950364333704780E-012
 -0.26077673394055900        7.5532078400244355E-012
 -0.25981799594813049        7.6120591500271981E-012
 -0.25885925795570197        7.6716010003587099E-012
 -0.25790051996327340        7.7318442368341090E-012
 -0.25694178197084488        7.7927999190392117E-012
 -0.25598304397841637        7.8544793254084421E-012
 -0.25502430598598785        7.9168939584479896E-012
 -0.25406556799355934        7.9800555500885738E-012
 -0.25310683000113077        8.0439760672073810E-012
 -0.25214809200870225        8.1086677172935645E-012
 -0.25118935401627374        8.1741429542766642E-012
 -0.25023061602384522        8.2404144845214852E-012
 -0.24927187803141668        8.3074952729936048E-012
 -0.24831314003898816        8.3753985495989895E-012
 -0.24735440204655965        8.4441378157125425E-012
 -0.24639566405413110        8.5137268508820921E-012
 -0.24543692606170259        8.5841797197420451E-012
 -0.24447818806927407        8.6555107791155691E-012
 -0.24351945007684553        8.7277346853340792E-012
 -0.24256071208441701        8.8008664017584363E-012
 -0.24160197409198850        8.8749212065381420E-012
 -0.24064323609955995        8.9499147005876404E-012
 -0.23968449810713144        9.0258628158054841E-012
 -0.23872576011470290        9.1027818235285656E-012
 -0.23776702212227438        9.1806883432634597E-012
 -0.23680828412984586        9.2595993516483693E-012
 -0.23584954613741732        9.3395321917136729E-012
 -0.23489080814498881        9.4205045824069931E-012
 -0.23393207015256029        9.5025346284106754E-012
 -0.23297333216013175        9.5856408302712707E-012
 -0.23201459416770323        9.6698420948228946E-012
 -0.23105585617527469        9.7551577459459702E-012
 -0.23009711818284617        9.8416075356595517E-012
 -0.22913838019041766        9.9292116555411670E-012
 -0.22817964219798911        1.0017990748533250E-011
 -0.22722090420556060        1.0107965921097151E-011
 -0.22626216621313208        1.0199158755755017E-011
 -0.22530342822070354        1.0291591324046267E-011
 -0.22434469022827502        1.0385286199871480E-011
 -0.22338595223584651        1.0480266473282418E-011
 -0.22242721424341796        1.0576555764707116E-011
 -0.22146847625098945        1.0674178239638983E-011
 -0.22050973825856091        1.0773158623796131E-011
 -0.21955100026613239        1.0873522218784649E-011
 -0.21859226227370387        1.0975294918263352E-011
 -0.21763352428127533        1.1078503224650180E-011
 -0.21667478628884682        1.1183174266380335E-011
 -0.21571604829641830        1.1289335815728316E-011
 -0.21475731030398976        1.1397016307236164E-011
 -0.21379857231156124        1.1506244856754908E-011
 -0.21283983431913273        1.1617051281129983E-011
 -0.21188109632670418        1.1729466118545895E-011
 -0.21092235833427567        1.1843520649578822E-011
 -0.20996362034184712        1.1959246918947131E-011
 -0.20900488234941861        1.2076677758032719E-011
 -0.20804614435699009        1.2195846808165438E-011
 -0.20708740636456155        1.2316788544717049E-011
 -0.20612866837213303        1.2439538302045186E-011
 -0.20516993037970452        1.2564132299294735E-011
 -0.20421119238727597        1.2690607667126232E-011
 -0.20325245439484746        1.2819002475378620E-011
 -0.20229371640241892        1.2949355761726039E-011
 -0.20133497840999040        1.3081707561347078E-011
 -0.20037624041756188        1.3216098937676490E-011
 -0.19941750242513334        1.3352572014250203E-011
 -0.19845876443270483        1.3491170007728454E-011
 -0.19750002644027631        1.3631937262103859E-011
 -0.19654128844784777        1.3774919284182962E-011
 -0.19558255045541925        1.3920162780362106E-011
 -0.19462381246299074        1.4067715694784577E-011
 -0.19366507447056219        1.4217627248897734E-011
 -0.19270633647813368        1.4369947982522514E-011
 -0.19174759848570513        1.4524729796446012E-011
 -0.19078886049327662        1.4682025996640985E-011
 -0.18983012250084810        1.4841891340167532E-011
 -0.18887138450841956        1.5004382082836186E-011
 -0.18791264651599104        1.5169556028702017E-011
 -0.18695390852356253        1.5337472581484858E-011
 -0.18599517053113399        1.5508192797981857E-011
 -0.18503643253870547        1.5681779443585986E-011
 -0.18407769454627693        1.5858297049974672E-011
 -0.18311895655384841        1.6037811975103444E-011
 -0.18216021856141990        1.6220392465576349E-011
 -0.18120148056899135        1.6406108721518591E-011
 -0.18024274257656284        1.6595032964064452E-011
 -0.17928400458413432        1.6787239505595512E-011
 -0.17832526659170578        1.6982804822803062E-011
 -0.17736652859927726        1.7181807632806014E-011
 -0.17640779060684875        1.7384328972345756E-011
 -0.17544905261442020        1.7590452280319545E-011
 -0.17449031462199169        1.7800263483735855E-011
 -0.17353157662956314        1.8013851087270438E-011
 -0.17257283863713463        1.8231306266635841E-011
 -0.17161410064470611        1.8452722965884900E-011
 -0.17065536265227757        1.8678197998910332E-011
 -0.16969662465984905        1.8907831155284023E-011
 -0.16873788666742054        1.9141725310703551E-011
 -0.16777914867499200        1.9379986542221519E-011
 -0.16682041068256348        1.9622724248554056E-011
 -0.16586167269013496        1.9870051275687603E-011
 -0.16490293469770642        2.0122084048061603E-011
 -0.16394419670527791        2.0378942705602361E-011
 -0.16298545871284936        2.0640751246951027E-011
 -0.16202672072042085        2.0907637679134956E-011
 -0.16106798272799233        2.1179734174089369E-011
 -0.16010924473556379        2.1457177232341222E-011
 -0.15915050674313527        2.1740107854251747E-011
 -0.15819176875070676        2.2028671719223958E-011
 -0.15723303075827821        2.2323019373285622E-011
 -0.15627429276584970        2.2623306425509078E-011
 -0.15531555477342116        2.2929693753757091E-011
 -0.15435681678099264        2.3242347720232757E-011
 -0.15339807878856412        2.3561440397419224E-011
 -0.15243934079613558        2.3887149804935874E-011
 -0.15148060280370707        2.4219660157968493E-011
 -0.15052186481127855        2.4559162127888767E-011
 -0.14956312681885001        2.4905853115766487E-011
 -0.14860438882642149        2.5259937539524723E-011
 -0.14764565083399298        2.5621627135523061E-011
 -0.14668691284156443        2.5991141275375753E-011
 -0.14572817484913592        2.6368707298972750E-011
 -0.14476943685670737        2.6754560864587578E-011
 -0.14381069886427886        2.7148946317193260E-011
 -0.14285196087185034        2.7552117076009703E-011
 -0.14189322287942180        2.7964336042563937E-011
 -0.14093448488699328        2.8385876030538809E-011
 -0.13997574689456477        2.8817020218858835E-011
 -0.13901700890213622        2.9258062629600513E-011
 -0.13805827090970771        2.9709308632598744E-011
 -0.13709953291727919        3.0171075478828656E-011
 -0.13614079492485065        3.0643692865330650E-011
 -0.13518205693242213        3.1127503535627661E-011
 -0.13422331893999359        3.1622863923511199E-011
 -0.13326458094756508        3.2130144824185142E-011
 -0.13230584295513656        3.2649731967517392E-011
 -0.13134710496270802        3.3182027347543045E-011
 -0.13038836697027950        3.3727449612115789E-011
 -0.12942962897785099        3.4286435407543256E-011
 -0.12847089098542244        3.4859441038598422E-011
 -0.12751215299299393        3.5446945429781150E-011
 -0.12655341500056538        3.6049457947981123E-011
 -0.12559467700813687        3.6667549719013740E-011
 -0.12463593901570834        3.7302186317984285E-011
 -0.12367720102327982        3.7950474499592809E-011
 -0.12271846303085129        3.8618906332180515E-011
 -0.12175972503842276        3.9304728486684824E-011
 -0.12080098704599425        4.0008707907236867E-011
 -0.11984224905356572        4.0731585098240883E-011
 -0.11888351106113719        4.1474369154642380E-011
 -0.11792477306870866        4.2237646421950336E-011
 -0.11696603507628014        4.3022180163912968E-011
 -0.11600729708385162        4.3828775142092830E-011
 -0.11504855909142309        4.4658268033606293E-011
 -0.11408982109899456        4.5511532931344164E-011
 -0.11313108310656604        4.6389487283194681E-011
 -0.11217234511413751        4.7293092798374029E-011
 -0.11121360712170898        4.8223356890428440E-011
 -0.11025486912928045        4.9181341818118730E-011
 -0.10929613113685194        5.0168159067481566E-011
 -0.10833739314442341        5.1184977338300516E-011
 -0.10737865515199488        5.2233025248451418E-011
 -0.10641991715956636        5.3313594955524853E-011
 -0.10546117916713783        5.4428046135205110E-011
 -0.10450244117470930        5.5577810264361566E-011
 -0.10354370318228077        5.6764395280404467E-011
 -0.10258496518985226        5.7989390349193360E-011
 -0.10162622719742373        5.9254471241388342E-011
 -0.10066748920499520        6.0561406341793956E-011
  -9.9708751212566671E-002   6.1912062527647421E-011
  -9.8750013220138155E-002   6.3308411927716719E-011
  -9.7791275227709626E-002   6.4752539133134133E-011
  -9.6832537235281096E-002   6.6246648981521407E-011
  -9.5873799242852567E-002   6.7793074977373887E-011
  -9.4915061250424052E-002   6.9394288408786105E-011
  -9.3956323257995522E-002   7.1052908226704061E-011
  -9.2997585265566993E-002   7.2771711760701900E-011
  -9.2038847273138463E-002   7.4553646353090279E-011
  -9.1080109280709948E-002   7.6401842002318697E-011
  -9.0121371288281418E-002   7.8319625117184290E-011
  -8.9162633295852889E-002   8.0310533494609709E-011
  -8.8203895303424373E-002   8.2378332647048306E-011
  -8.7245157310995844E-002   8.4527033620534550E-011
  -8.6286419318567315E-002   8.6760912460437140E-011
  -8.5327681326138785E-002   8.9084531502013990E-011
  -8.4368943333710270E-002   9.1502762683514487E-011
  -8.3410205341281740E-002   9.4020813104460671E-011
  -8.2451467348853211E-002   9.6644253079958995E-011
  -8.1492729356424681E-002   9.9379046973136336E-011
  -8.0533991363996166E-002   1.0223158712492329E-010
  -7.9575253371567636E-002   1.0520873124192058E-010
  -7.8616515379139107E-002   1.0831784365101352E-010
  -7.7657777386710578E-002   1.1156684088452079E-010
  -7.6699039394282062E-002   1.1496424212356985E-010
  -7.5740301401853533E-002   1.1851922510054614E-010
  -7.4781563409425003E-002   1.2224168814586291E-010
  -7.3822825416996488E-002   1.2614231916401628E-010
  -7.2864087424567958E-002   1.3023267243693602E-010
  -7.1905349432139429E-002   1.3452525428518578E-010
  -7.0946611439710899E-002   1.3903361876676930E-010
  -6.9987873447282384E-002   1.4377247482238798E-010
  -6.9029135454853854E-002   1.4875780642395888E-010
  -6.8070397462425325E-002   1.5400700747352407E-010
  -6.7111659469996796E-002   1.5953903375834634E-010
  -6.6152921477568280E-002   1.6537457432727270E-010
  -6.5194183485139751E-002   1.7153624520596250E-010
  -6.4235445492711221E-002   1.7804880885124752E-010
  -6.3276707500282692E-002   1.8493942332844159E-010
  -6.2317969507854169E-002   1.9223792590057196E-010
  -6.1359231515425647E-002   1.9997715657158530E-010
  -6.0400493522997124E-002   2.0819332814706397E-010
  -5.9441755530568595E-002   2.1692645061655075E-010
  -5.8483017538140072E-002   2.2622081916568829E-010
  -5.7524279545711543E-002   2.3612557695903498E-010
  -5.6565541553283021E-002   2.4669536607855472E-010
  -5.5606803560854491E-002   2.5799108276069550E-010
  -5.4648065568425969E-002   2.7008075647653375E-010
  -5.3689327575997439E-002   2.8304057661995730E-010
  -5.2730589583568917E-002   2.9695609582399721E-010
  -5.1771851591140387E-002   3.1192364550670582E-010
  -5.0813113598711865E-002   3.2805200752707524E-010
  -4.9854375606283335E-002   3.4546439631059990E-010
  -4.8895637613854813E-002   3.6430081913552027E-010
  -4.7936899621426284E-002   3.8472089933882204E-010
  -4.6978161628997761E-002   4.0690726918863930E-010
  -4.6019423636569232E-002   4.3106966767889901E-010
  -4.5060685644140709E-002   4.5744991573618970E-010
  -4.4101947651712187E-002   4.8632799030239589E-010
  -4.3143209659283657E-002   5.1802948368621033E-010
  -4.2184471666855135E-002   5.5293482137190431E-010
  -4.1225733674426605E-002   5.9149072849690916E-010
  -4.0266995681998083E-002   6.3422459449401683E-010
  -3.9308257689569553E-002   6.8176260431448891E-010
  -3.8349519697141031E-002   7.3485280874572164E-010
  -3.7390781704712502E-002   7.9439473352549367E-010
  -3.6432043712283979E-002   8.6147773434582705E-010
  -3.5473305719855450E-002   9.3743117971438593E-010
  -3.4514567727426927E-002   1.0238908215385561E-009
  -3.3555829734998398E-002   1.1228876082261622E-009
  -3.2597091742569875E-002   1.2369680513787200E-009
  -3.1638353750141346E-002   1.3693596397985412E-009
  -3.0679615757712823E-002   1.5242016511693342E-009
  -2.9720877765284297E-002   1.7068726701248906E-009
  -2.8762139772855772E-002   1.9244640512035451E-009
  -2.7803401780427246E-002   2.1864786746179274E-009
  -2.6844663787998720E-002   2.5058863916905882E-009
  -2.5885925795570194E-002   2.9007605030186459E-009
  -2.4927187803141668E-002   3.3968917958898057E-009
  -2.3968449810713142E-002   4.0321092623009891E-009
  -2.3009711818284616E-002   4.8637107488748956E-009
  -2.2050973825856093E-002   5.9818519452574702E-009
  -2.1092235833427567E-002   7.5350521714616049E-009
  -2.0133497840999041E-002   9.7821846343641354E-009
  -1.9174759848570515E-002   1.3207767539973867E-008
  -1.8216021856141990E-002   1.8806823935023793E-008
  -1.7257283863713464E-002   2.8898264633996852E-008
  -1.6298545871284938E-002   4.9977717197998886E-008
  -1.5339807878856412E-002   1.0653622603643843E-007
  -1.4381069886427886E-002   3.6538510435288255E-007
  -1.3422331893999360E-002   1.6667546663551244E-005
  -1.2463593901570834E-002   7.3748829545827132E-007
  -1.1504855909142308E-002   1.5095002460546179E-007
  -1.0546117916713784E-002   6.3026814087046426E-008
  -9.5873799242852577E-003   3.4387168269735534E-008
  -8.6286419318567318E-003   2.1613319662473963E-008
  -7.6699039394282058E-003   1.4830697170931733E-008
  -6.7111659469996799E-003   1.0803749294389174E-008
  -5.7524279545711540E-003   8.2192229007350746E-009
  -4.7936899621426289E-003   6.4622717262267895E-009
  -3.8349519697141029E-003   5.2138871541131109E-009
  -2.8762139772855770E-003   4.2951744098150877E-009
  -1.9174759848570515E-003   3.5995028002369524E-009
  -9.5873799242852573E-004   3.0601096689379701E-009
   0.0000000000000000        2.6334639834712135E-009
   9.5873799242852573E-004   2.2901998722122601E-009
   1.9174759848570515E-003   2.0099249155459906E-009
   2.8762139772855770E-003   1.7781200364368941E-009
   3.8349519697141029E-003   1.5842205901498412E-009
   4.7936899621426289E-003   1.4203909580064501E-009
   5.7524279545711540E-003   1.2807203204074752E-009
   6.7111659469996799E-003   1.1606819384556961E-009
   7.6699039394282058E-003   1.0567616977825636E-009
   8.6286419318567318E-003   9.6619796157148046E-010
   9.5873799242852577E-003   8.8679618323631356E-010
   1.0546117916713784E-002   8.1679469684236403E-010
   1.1504855909142308E-002   7.5476615337219665E-010
   1.2463593901570834E-002   6.9954417954042626E-010
   1.3422331893999360E-002   6.5016814350633934E-010
   1.4381069886427886E-002   6.0584109304809164E-010
   1.5339807878856412E-002   5.6589739461269486E-010
   1.6298545871284938E-002   5.2977759803599960E-010
   1.7257283863713464E-002   4.9700874021382401E-010
   1.8216021856141990E-002   4.6718878310698081E-010
   1.9174759848570515E-002   4.3997422323199583E-010
   2.0133497840999041E-002   4.1507015491284826E-010
   2.1092235833427567E-002   3.9222224725348710E-010
   2.2050973825856093E-002   3.7121022491988391E-010
   2.3009711818284616E-002   3.5184253901331259E-010
   2.3968449810713142E-002   3.3395198606940507E-010
   2.4927187803141668E-002   3.1739208718859237E-010
   2.5885925795570194E-002   3.0203408022245510E-010
   2.6844663787998720E-002   2.8776440919615684E-010
   2.7803401780427246E-002   2.7448261919602191E-010
   2.8762139772855772E-002   2.6209958357356148E-010
   2.9720877765284297E-002   2.5053600483705347E-010
   3.0679615757712823E-002   2.3972114198544635E-010
   3.1638353750141346E-002   2.2959172602164626E-010
   3.2597091742569875E-002   2.2009103250361052E-010
   3.3555829734998398E-002   2.1116808567340955E-010
   3.4514567727426927E-002   2.0277697325467459E-010
   3.5473305719855450E-002   1.9487625467412335E-010
   3.6432043712283979E-002   1.8742844842836846E-010
   3.7390781704712502E-002   1.8039958672602154E-010
   3.8349519697141031E-002   1.7375882750057404E-010
   3.9308257689569553E-002   1.6747811550129901E-010
   4.0266995681998083E-002   1.6153188549258720E-010
   4.1225733674426605E-002   1.5589680168746172E-010
   4.2184471666855135E-002   1.5055152844628156E-010
   4.3143209659283657E-002   1.4547652802571434E-010
   4.4101947651712187E-002   1.4065388179140186E-010
   4.5060685644140709E-002   1.3606713183602786E-010
   4.6019423636569232E-002   1.3170114037757115E-010
   4.6978161628997761E-002   1.2754196470068392E-010
   4.7936899621426284E-002   1.2357674570531070E-010
   4.8895637613854813E-002   1.1979360839371302E-010
   4.9854375606283335E-002   1.1618157285894335E-010
   5.0813113598711865E-002   1.1273047452631024E-010
   5.1771851591140387E-002   1.0943089256553120E-010
   5.2730589583568917E-002   1.0627408552949424E-010
   5.3689327575997439E-002   1.0325193339874649E-010
   5.4648065568425969E-002   1.0035688531308863E-010
   5.5606803560854491E-002   9.7581912360779315E-011
   5.6565541553283021E-002   9.4920464874511787E-011
   5.7524279545711543E-002   9.2366433748574236E-011
   5.8483017538140072E-002   8.9914115350205233E-011
   5.9441755530568595E-002   8.7558179648818857E-011
   6.0400493522997124E-002   8.5293641229739488E-011
   6.1359231515425647E-002   8.3115832898505570E-011
   6.2317969507854169E-002   8.1020381613802784E-011
   6.3276707500282692E-002   7.9003186517705012E-011
   6.4235445492711221E-002   7.7060398856597211E-011
   6.5194183485139751E-002   7.5188403609286444E-011
   6.6152921477568280E-002   7.3383802658324480E-011
   6.7111659469996796E-002   7.1643399358068976E-011
   6.8070397462425325E-002   6.9964184368750004E-011
   6.9029135454853854E-002   6.8343322638969221E-011
   6.9987873447282384E-002   6.6778141431766948E-011
   7.0946611439710899E-002   6.5266119299389841E-011
   7.1905349432139429E-002   6.3804875922067191E-011
   7.2864087424567958E-002   6.2392162734067009E-011
   7.3822825416996488E-002   6.1025854268412114E-011
   7.4781563409425003E-002   5.9703940157500460E-011
   7.5740301401853533E-002   5.8424517733938559E-011
   7.6699039394282062E-002   5.7185785180687603E-011
   7.7657777386710578E-002   5.5986035182399837E-011
   7.8616515379139107E-002   5.4823649039875557E-011
   7.9575253371567636E-002   5.3697091209581789E-011
   8.0533991363996166E-002   5.2604904227121435E-011
   8.1492729356424681E-002   5.1545703991857706E-011
   8.2451467348853211E-002   5.0518175379675116E-011
   8.3410205341281740E-002   4.9521068158749191E-011
   8.4368943333710270E-002   4.8553193184859045E-011
   8.5327681326138785E-002   4.7613418853842356E-011
   8.6286419318567315E-002   4.6700667790860677E-011
   8.7245157310995844E-002   4.5813913770408834E-011
   8.8203895303424373E-002   4.4952178815960309E-011
   8.9162633295852889E-002   4.4114530512134227E-011
   9.0121371288281418E-002   4.3300079478972112E-011
   9.1080109280709948E-002   4.2507977010379209E-011
   9.2038847273138463E-002   4.1737412857410156E-011
   9.2997585265566993E-002   4.0987613172561686E-011
   9.3956323257995522E-002   4.0257838538582594E-011
   9.4915061250424052E-002   3.9547382199999447E-011
   9.5873799242852567E-002   3.8855568124957602E-011
   9.6832537235281096E-002   3.8181749747859297E-011
   9.7791275227709626E-002   3.7525309754701353E-011
   9.8750013220138155E-002   3.6885652792684834E-011
   9.9708751212566671E-002   3.6262213427628935E-011
  0.10066748920499520        3.5654447742534603E-011
  0.10162622719742373        3.5061834671692673E-011
  0.10258496518985226        3.4483874652386486E-011
  0.10354370318228077        3.3920088548506847E-011
  0.10450244117470930        3.3370016650404580E-011
  0.10546117916713783        3.2833217736312987E-011
  0.10641991715956636        3.2309268186458052E-011
  0.10737865515199488        3.1797761152087899E-011
  0.10833739314442341        3.1298305753827013E-011
  0.10929613113685194        3.0810526345294967E-011
  0.11025486912928045        3.0334061802999337E-011
  0.11121360712170898        2.9868564857174764E-011
  0.11217234511413751        2.9413701459409956E-011
  0.11313108310656604        2.8969150183046922E-011
  0.11408982109899456        2.8534601655247446E-011
  0.11504855909142309        2.8109758018601388E-011
  0.11600729708385162        2.7694332420540908E-011
  0.11696603507628014        2.7288048529044620E-011
  0.11792477306870866        2.6890640072949803E-011
  0.11888351106113719        2.6501850405603390E-011
  0.11984224905356572        2.6121432090412601E-011
  0.12080098704599425        2.5749146506992901E-011
  0.12175972503842276        2.5384763476972708E-011
  0.12271846303085129        2.5028060908053626E-011
  0.12367720102327982        2.4678824455533842E-011
  0.12463593901570834        2.4336847200238095E-011
  0.12559467700813687        2.4001929341953302E-011
  0.12655341500056538        2.3673877907502997E-011
  0.12751215299299393        2.3352506472774579E-011
  0.12847089098542244        2.3037634897726976E-011
  0.12942962897785099        2.2729089073984400E-011
  0.13038836697027950        2.2426700684028350E-011
  0.13134710496270802        2.2130306971642563E-011
  0.13230584295513656        2.1839750522866559E-011
  0.13326458094756508        2.1554879056900205E-011
  0.13422331893999359        2.1275545226596726E-011
  0.13518205693242213        2.1001606427834914E-011
  0.13614079492485065        2.0732924617553688E-011
  0.13709953291727919        2.0469366139691907E-011
  0.13805827090970771        2.0210801559064416E-011
  0.13901700890213622        1.9957105502347905E-011
  0.13997574689456477        1.9708156506078037E-011
  0.14093448488699328        1.9463836871252322E-011
  0.14189322287942180        1.9224032524176367E-011
  0.14285196087185034        1.8988632883311133E-011
  0.14381069886427886        1.8757530731738204E-011
  0.14476943685670737        1.8530622095058572E-011
  0.14572817484913592        1.8307806124437564E-011
  0.14668691284156443        1.8088984984539934E-011
  0.14764565083399298        1.7874063746086043E-011
  0.14860438882642149        1.7662950282887973E-011
  0.14956312681885001        1.7455555173145462E-011
  0.15052186481127855        1.7251791604672487E-011
  0.15148060280370707        1.7051575284089210E-011
  0.15243934079613558        1.6854824349613629E-011
  0.15339807878856412        1.6661459287378232E-011
  0.15435681678099264        1.6471402851061599E-011
  0.15531555477342116        1.6284579984754656E-011
  0.15627429276584970        1.6100917748840273E-011
  0.15723303075827821        1.5920345248773361E-011
  0.15819176875070676        1.5742793566684654E-011
  0.15915050674313527        1.5568195695592378E-011
  0.16010924473556379        1.5396486476159386E-011
  0.16106798272799233        1.5227602535948789E-011
  0.16202672072042085        1.5061482230872924E-011
  0.16298545871284936        1.4898065588970044E-011
  0.16394419670527791        1.4737294256276261E-011
  0.16490293469770642        1.4579111444696411E-011
  0.16586167269013496        1.4423461881894610E-011
  0.16682041068256348        1.4270291762956514E-011
  0.16777914867499200        1.4119548703903229E-011
  0.16873788666742054        1.3971181696912106E-011
  0.16969662465984905        1.3825141067132447E-011
  0.17065536265227757        1.3681378431140564E-011
  0.17161410064470611        1.3539846656821304E-011
  0.17257283863713463        1.3400499824739288E-011
  0.17353157662956314        1.3263293190930965E-011
  0.17449031462199169        1.3128183150928884E-011
  0.17544905261442020        1.2995127205125006E-011
  0.17640779060684875        1.2864083925362729E-011
  0.17736652859927726        1.2735012922685103E-011
  0.17832526659170578        1.2607874816200649E-011
  0.17928400458413432        1.2482631203031291E-011
  0.18024274257656284        1.2359244629326041E-011
  0.18120148056899135        1.2237678562259992E-011
  0.18216021856141990        1.2117897362967808E-011
  0.18311895655384841        1.1999866260438923E-011
  0.18407769454627693        1.1883551326286393E-011
  0.18503643253870547        1.1768919450318700E-011
  0.18599517053113399        1.1655938317042339E-011
  0.18695390852356253        1.1544576382829346E-011
  0.18791264651599104        1.1434802853915411E-011
  0.18887138450841956        1.1326587665116691E-011
  0.18983012250084810        1.1219901459245213E-011
  0.19078886049327662        1.1114715567173308E-011
  0.19174759848570513        1.1011001988588227E-011
  0.19270633647813368        1.0908733373362364E-011
  0.19366507447056219        1.0807883003503432E-011
  0.19462381246299074        1.0708424775709125E-011
  0.19558255045541925        1.0610333184491103E-011
  0.19654128844784777        1.0513583305775592E-011
  0.19750002644027631        1.0418150781136466E-011
  0.19845876443270483        1.0324011802393372E-011
  0.19941750242513334        1.0231143096827915E-011
  0.20037624041756188        1.0139521912724293E-011
  0.20133497840999040        1.0049126005511719E-011
  0.20229371640241892        9.9599336241930369E-012
  0.20325245439484746        9.8719234983070919E-012
  0.20421119238727597        9.7850748252130301E-012
  0.20516993037970452        9.6993672578348748E-012
  0.20612866837213303        9.6147808927057356E-012
  0.20708740636456155        9.5312962584231659E-012
  0.20804614435699009        9.4488943044485743E-012
  0.20900488234941861        9.3675563902335711E-012
  0.20996362034184712        9.2872642746835818E-012
  0.21092235833427567        9.2080001059191627E-012
  0.21188109632670418        9.1297464113686014E-012
  0.21283983431913273        9.0524860881128064E-012
  0.21379857231156124        8.9762023935620107E-012
  0.21475731030398976        8.9008789363693977E-012
  0.21571604829641830        8.8264996676544389E-012
  0.21667478628884682        8.7530488724069474E-012
  0.21763352428127533        8.6805111612227831E-012
  0.21859226227370387        8.6088714622305547E-012
  0.21955100026613239        8.5381150132516930E-012
  0.22050973825856091        8.4682273542204744E-012
  0.22146847625098945        8.3991943197685051E-012
  0.22242721424341796        8.3310020320578454E-012
  0.22338595223584651        8.2636368938096226E-012
  0.22434469022827502        8.1970855815105060E-012
  0.22530342822070354        8.1313350388602476E-012
  0.22626216621313208        8.0663724703149814E-012
  0.22722090420556060        8.0021853349084302E-012
  0.22817964219798911        7.9387613401656703E-012
  0.22913838019041766        7.8760884362345741E-012
  0.23009711818284617        7.8141548101744436E-012
  0.23105585617527469        7.7529488803497916E-012
  0.23201459416770323        7.6924592910532041E-012
  0.23297333216013175        7.6326749072152930E-012
  0.23393207015256029        7.5735848093006646E-012
  0.23489080814498881        7.5151782882933301E-012
  0.23584954613741732        7.4574448408774218E-012
  0.23680828412984586        7.4003741646824263E-012
  0.23776702212227438        7.3439561537112314E-012
  0.23872576011470290        7.2881808938563566E-012
  0.23968449810713144        7.2330386585349506E-012
  0.24064323609955995        7.1785199044643187E-012
  0.24160197409198850        7.1246152675330766E-012
  0.24256071208441701        7.0713155587608198E-012
  0.24351945007684553        7.0186117603964869E-012
  0.24447818806927407        6.9664950221089139E-012
  0.24543692606170259        6.9149566572486269E-012
  0.24639566405413110        6.8639881392588976E-012
  0.24735440204655965        6.8135810981155198E-012
  0.24831314003898816        6.7637273169231936E-012
  0.24927187803141668        6.7144187285422847E-012
  0.25023061602384522        6.6656474123309923E-012
  0.25118935401627374        6.6174055909752653E-012
  0.25214809200870225        6.5696856273741779E-012
  0.25310683000113077        6.5224800216258777E-012
  0.25406556799355934        6.4757814080763250E-012
  0.25502430598598785        6.4295825524400612E-012
  0.25598304397841637        6.3838763490227289E-012
  0.25694178197084488        6.3386558179496549E-012
  0.25790051996327340        6.2939141025410295E-012
  0.25885925795570197        6.2496444666848826E-012
  0.25981799594813049        6.2058402923083746E-012
  0.26077673394055900        6.1624950769163315E-012
  0.26173547193298752        6.1196024311617496E-012
  0.26269420992541603        6.0771560764964639E-012
  0.26365294791784455        6.0351498428765048E-012
  0.26461168591027312        5.9935776665227169E-012
  0.26557042390270164        5.9524335877184637E-012
  0.26652916189513015        5.9117117486797154E-012
  0.26748789988755867        5.8714063914956881E-012
  0.26844663787998718        5.8315118560420329E-012
  0.26940537587241575        5.7920225780385822E-012
  0.27036411386484427        5.7529330870857408E-012
  0.27132285185727278        5.7142380047749826E-012
  0.27228158984970130        5.6759320428637747E-012
  0.27324032784212982        5.6380100013949215E-012
  0.27419906583455839        5.6004667670447803E-012
  0.27515780382698690        5.5632973112818582E-012
  0.27611654181941542        5.5264966887745602E-012
  0.27707527981184393        5.4900600356872294E-012
  0.27803401780427245        5.4539825681043256E-012
  0.27899275579670096        5.4182595804589471E-012
  0.27995149378912954        5.3828864439692336E-012
  0.28091023178155805        5.3478586051815436E-012
  0.28186896977398657        5.3131715844711988E-012
  0.28282770776641508        5.2788209746253628E-012
  0.28378644575884360        5.2448024394420115E-012
  0.28474518375127217        5.2111117123530104E-012
  0.28570392174370068        5.1777445951042543E-012
  0.28666265973612920        5.1446969564308873E-012
  0.28762139772855772        5.1119647307738676E-012
  0.28858013572098623        5.0795439170634494E-012
  0.28953887371341475        5.0474305774430080E-012
  0.29049761170584332        5.0156208361299806E-012
  0.29145634969827183        4.9841108781982453E-012
  0.29241508769070035        4.9528969484680048E-012
  0.29337382568312886        4.9219753503677066E-012
  0.29433256367555738        4.8913424448513644E-012
  0.29529130166798595        4.8609946493214717E-012
  0.29625003966041447        4.8309284365746945E-012
  0.29720877765284298        4.8011403337932955E-012
  0.29816751564527150        4.7716269215327882E-012
  0.29912625363770001        4.7423848327378317E-012
  0.30008499163012853        4.7134107517863372E-012
  0.30104372962255710        4.6847014135571922E-012
  0.30200246761498561        4.6562536024878714E-012
  0.30296120560741413        4.6280641516948025E-012
  0.30391994359984265        4.6001299420868991E-012
  0.30487868159227116        4.5724479015031483E-012
  0.30583741958469973        4.5450150038550594E-012
  0.30679615757712825        4.5178282683213431E-012
  0.30775489556955676        4.4908847585231308E-012
  0.30871363356198528        4.4641815817334055E-012
  0.30967237155441379        4.4377158881083710E-012
  0.31063110954684231        4.4114848699106809E-012
  0.31158984753927088        4.3854857607814411E-012
  0.31254858553169940        4.3597158350064725E-012
  0.31350732352412791        4.3341724067982728E-012
  0.31446606151655643        4.3088528295941338E-012
  0.31542479950898494        4.2837544953723352E-012
  0.31638353750141351        4.2588748339963420E-012
  0.31734227549384203        4.2342113125222963E-012
  0.31830101348627055        4.2097614345935216E-012
  0.31925975147869906        4.1855227397770607E-012
  0.32021848947112758        4.1614928029606101E-012
  0.32117722746355615        4.1376692337543893E-012
  0.32213596545598466        4.1140496758620854E-012
  0.32309470344841318        4.0906318065486348E-012
  0.32405344144084169        4.0674133360175326E-012
  0.32501217943327021        4.0443920068918882E-012
  0.32597091742569873        4.0215655936374569E-012
  0.32692965541812730        3.9989319020507048E-012
  0.32788839341055581        3.9764887687067213E-012
  0.32884713140298433        3.9542340604512232E-012
  0.32980586939541284        3.9321656739022523E-012
  0.33076460738784136        3.9102815349435941E-012
  0.33172334538026993        3.8885795982416609E-012
  0.33268208337269844        3.8670578467592573E-012
  0.33364082136512696        3.8457142913026323E-012
  0.33459955935755548        3.8245469700457267E-012
  0.33555829734998399        3.8035539480910333E-012
  0.33651703534241251        3.7827333170213945E-012
  0.33747577333484108        3.7620831944595813E-012
  0.33843451132726959        3.7416017236686014E-012
  0.33939324931969811        3.7212870731049560E-012
  0.34035198731212662        3.7011374360163799E-012
  0.34131072530455514        3.6811510300518239E-012
  0.34226946329698371        3.6613260968647390E-012
  0.34322820128941223        3.6416609017048513E-012
  0.34418693928184074        3.6221537330763459E-012
  0.34514567727426926        3.6028029023232147E-012
  0.34610441526669777        3.5836067433043648E-012
  0.34706315325912629        3.5645636120015013E-012
  0.34802189125155486        3.5456718861910909E-012
  0.34898062924398338        3.5269299650810598E-012
  0.34993936723641189        3.5083362689885136E-012
  0.35089810522884041        3.4898892389840696E-012
  0.35185684322126892        3.4715873365968127E-012
  0.35281558121369749        3.4534290434633001E-012
  0.35377431920612601        3.4354128610304937E-012
  0.35473305719855452        3.4175373102364922E-012
  0.35569179519098304        3.3998009312121283E-012
  0.35665053318341156        3.3822022829945839E-012
  0.35760927117584007        3.3647399432004607E-012
  0.35856800916826864        3.3474125077780124E-012
  0.35952674716069716        3.3302185907018206E-012
  0.36048548515312567        3.3131568237064072E-012
  0.36144422314555419        3.2962258559944499E-012
  0.36240296113798270        3.2794243539990453E-012
  0.36336169913041128        3.2627510010933371E-012
  0.36432043712283979        3.2462044973590177E-012
  0.36527917511526831        3.2297835593071297E-012
  0.36623791310769682        3.2134869196451168E-012
  0.36719665110012534        3.1973133270224717E-012
  0.36815538909255385        3.1812615458115534E-012
  0.36911412708498242        3.1653303558377157E-012
  0.37007286507741094        3.1495185521766992E-012
  0.37103160306983946        3.1338249449194806E-012
  0.37199034106226797        3.1182483589296686E-012
  0.37294907905469649        3.1027876336546665E-012
  0.37390781704712506        3.0874416228839348E-012
  0.37486655503955357        3.0722091945518999E-012
  0.37582529303198209        3.0570892305180700E-012
  0.37678403102441060        3.0420806263743552E-012
  0.37774276901683912        3.0271822912299324E-012
  0.37870150700926769        3.0123931475181274E-012
  0.37966024500169621        2.9977121308124331E-012
  0.38061898299412472        2.9831381896132739E-012
  0.38157772098655324        2.9686702851834749E-012
  0.38253645897898175        2.9543073913406310E-012
  0.38349519697141027        2.9400484942914773E-012
  0.38445393496383884        2.9258925924486493E-012
  0.38541267295626735        2.9118386962546792E-012
  0.38637141094869587        2.8978858280009389E-012
  0.38733014894112439        2.8840330216701072E-012
  0.38828888693355290        2.8702793227633078E-012
  0.38924762492598147        2.8566237881350548E-012
  0.39020636291840999        2.8430654858309165E-012
  0.39116510091083850        2.8296034949321390E-012
  0.39212383890326702        2.8162369053977125E-012
  0.39308257689569553        2.8029648179096150E-012
  0.39404131488812405        2.7897863437191929E-012
  0.39500005288055262        2.7767006045013691E-012
  0.39595879087298114        2.7637067322122519E-012
  0.39691752886540965        2.7508038689380866E-012
  0.39787626685783817        2.7379911667568568E-012
  0.39883500485026668        2.7252677875940115E-012
  0.39979374284269525        2.7126329031014042E-012
  0.40075248083512377        2.7000856945004994E-012
  0.40171121882755229        2.6876253524647572E-012
  0.40266995681998080        2.6752510769829641E-012
  0.40362869481240932        2.6629620772320114E-012
  0.40458743280483783        2.6507575714563608E-012
  0.40554617079726640        2.6386367868301016E-012
  0.40650490878969492        2.6265989593496583E-012
  0.40746364678212343        2.6146433337008731E-012
  0.40842238477455195        2.6027691631523557E-012
  0.40938112276698047        2.5909757094336607E-012
  0.41033986075940904        2.5792622426109767E-012
  0.41129859875183755        2.5676280409881161E-012
  0.41225733674426607        2.5560723909918814E-012
  0.41321607473669458        2.5445945870592408E-012
  0.41417481272912310        2.5331939315269683E-012
  0.41513355072155161        2.5218697345411506E-012
  0.41609228871398019        2.5106213139263441E-012
  0.41705102670640870        2.4994479951113293E-012
  0.41800976469883722        2.4883491110085290E-012
  0.41896850269126573        2.4773240019188390E-012
  0.41992724068369425        2.4663720154425844E-012
  0.42088597867612282        2.4554925063692329E-012
  0.42184471666855133        2.4446848365917710E-012
  0.42280345466097985        2.4339483750073146E-012
  0.42376219265340836        2.4232824974339286E-012
  0.42472093064583688        2.4126865865085622E-012
  0.42567966863826545        2.4021600316042463E-012
  0.42663840663069397        2.3917022287424027E-012
  0.42759714462312248        2.3813125805060045E-012
  0.42855588261555100        2.3709904959480336E-012
  0.42951462060797951        2.3607353905159006E-012
  0.43047335860040803        2.3505466859696040E-012
  0.43143209659283660        2.3404238102818057E-012
  0.43239083458526512        2.3303661975881050E-012
  0.43334957257769363        2.3203732880821692E-012
  0.43430831057012215        2.3104445279481902E-012
  0.43526704856255066        2.3005793692842405E-012
  0.43622578655497923        2.2907772700263844E-012
  0.43718452454740775        2.2810376938688384E-012
  0.43814326253983626        2.2713601102015977E-012
  0.43910200053226478        2.2617439940282753E-012
  0.44006073852469330        2.2521888258980189E-012
  0.44101947651712181        2.2426940918341610E-012
  0.44197821450955038        2.2332592832699960E-012
  0.44293695250197890        2.2238838969747584E-012
  0.44389569049440741        2.2145674349942317E-012
  0.44485442848683593        2.2053094045681878E-012
  0.44581316647926444        2.1961093180883276E-012
  0.44677190447169302        2.1869666930144719E-012
  0.44773064246412153        2.1778810518232581E-012
  0.44868938045655005        2.1688519219403679E-012
  0.44964811844897856        2.1598788356795556E-012
  0.45060685644140708        2.1509613301835062E-012
  0.45156559443383559        2.1420989473631075E-012
  0.45252433242626416        2.1332912338378368E-012
  0.45348307041869268        2.1245377408799586E-012
  0.45444180841112120        2.1158380243568675E-012
  0.45540054640354971        2.1071916446748166E-012
  0.45635928439597823        2.0985981667202752E-012
  0.45731802238840680        2.0900571598085922E-012
  0.45827676038083531        2.0815681976278513E-012
  0.45923549837326383        2.0731308581916392E-012
  0.46019423636569234        2.0647447237784912E-012
  0.46115297435812086        2.0564093808794788E-012
  0.46211171235054938        2.0481244201598695E-012
  0.46307045034297795        2.0398894363933323E-012
  0.46402918833540646        2.0317040284240938E-012
  0.46498792632783498        2.0235677991089774E-012
  0.46594666432026349        2.0154803552776740E-012
  0.46690540231269201        2.0074413076795356E-012
  0.46786414030512058        1.9994502709361227E-012
  0.46882287829754909        1.9915068635016996E-012
  0.46978161628997761        1.9836107076105236E-012
  0.47074035428240613        1.9757614292354261E-012
  0.47169909227483464        1.9679586580405914E-012
  0.47265783026726321        1.9602020273421409E-012
  0.47361656825969173        1.9524911740663031E-012
  0.47457530625212024        1.9448257386977364E-012
  0.47553404424454876        1.9372053652450515E-012
  0.47649278223697727        1.9296297011997006E-012
  0.47745152022940579        1.9220983974940801E-012
  0.47841025822183436        1.9146111084566914E-012
  0.47936899621426288        1.9071674917763331E-012
  0.48032773420669139        1.8997672084714859E-012
  0.48128647219911991        1.8924099228317342E-012
  0.48224521019154842        1.8850953024024712E-012
  0.48320394818397699        1.8778230179236830E-012
  0.48416268617640551        1.8705927433171812E-012
  0.48512142416883403        1.8634041556329040E-012
  0.48608016216126254        1.8562569350162935E-012
  0.48703890015369106        1.8491507646776314E-012
  0.48799763814611957        1.8420853308531506E-012
  0.48895637613854814        1.8350603227729526E-012
  0.48991511413097666        1.8280754326197408E-012
  0.49087385212340517        1.8211303555047219E-012
  0.49183259011583369        1.8142247894320163E-012
  0.49279132810826221        1.8073584352555058E-012
  0.49375006610069078        1.8005309966643629E-012
  0.49470880409311929        1.7937421801357633E-012
  0.49566754208554781        1.7869916949117176E-012
  0.49662628007797632        1.7802792529604388E-012
  0.49758501807040484        1.7736045689574378E-012
  0.49854375606283335        1.7669673602435399E-012
  0.49950249405526193        1.7603673468008984E-012
  0.50046123204769044        1.7538042512235392E-012
  0.50141997004011896        1.7472777986822340E-012
  0.50237870803254747        1.7407877169044251E-012
  0.50333744602497599        1.7343337361430890E-012
  0.50429618401740450        1.7279155891448962E-012
  0.50525492200983302        1.7215330111228121E-012
  0.50621366000226153        1.7151857397352058E-012
  0.50717239799469016        1.7088735150501562E-012
  0.50813113598711868        1.7025960795302180E-012
  0.50908987397954719        1.6963531779911268E-012
  0.51004861197197571        1.6901445575940676E-012
  0.51100734996440422        1.6839699677982876E-012
  0.51196608795683274        1.6778291603548144E-012
  0.51292482594926125        1.6717218892742266E-012
  0.51388356394168977        1.6656479107992311E-012
  0.51484230193411828        1.6596069833839954E-012
  0.51580103992654680        1.6535988676721452E-012
  0.51675977791897532        1.6476233264664558E-012
  0.51771851591140394        1.6416801247115759E-012
  0.51867725390383246        1.6357690294664478E-012
  0.51963599189626097        1.6298898098838367E-012
  0.52059472988868949        1.6240422371911705E-012
  0.52155346788111800        1.6182260846605552E-012
  0.52251220587354652        1.6124411275919090E-012
