 -0.52347094386597504        1.6485216210936653E-012
 -0.52251220587354652        1.6547337200892556E-012
 -0.52155346788111800        1.6609810291256381E-012
 -0.52059472988868949        1.6672638164900221E-012
 -0.51963599189626097        1.6735823532009272E-012
 -0.51867725390383246        1.6799369130651195E-012
 -0.51771851591140394        1.6863277727364961E-012
 -0.51675977791897532        1.6927552117836731E-012
 -0.51580103992654680        1.6992195127616894E-012
 -0.51484230193411828        1.7057209612933035E-012
 -0.51388356394168977        1.7122598461571739E-012
 -0.51292482594926125        1.7188364593913973E-012
 -0.51196608795683274        1.7254510964068598E-012
 -0.51100734996440422        1.7321040561192182E-012
 -0.51004861197197571        1.7387956411020348E-012
 -0.50908987397954719        1.7455261577651511E-012
 -0.50813113598711868        1.7522959165630944E-012
 -0.50717239799469016        1.7591052322487089E-012
 -0.50621366000226153        1.7659544241713994E-012
 -0.50525492200983302        1.7728438166458197E-012
 -0.50429618401740450        1.7797737394000500E-012
 -0.50333744602497599        1.7867445281366244E-012
 -0.50237870803254747        1.7937565252319810E-012
 -0.50141997004011896        1.8008100806255010E-012
 -0.50046123204769044        1.8079055529608152E-012
 -0.49950249405526193        1.8150433110632456E-012
 -0.49854375606283335        1.8222237358814685E-012
 -0.49758501807040484        1.8294472230608379E-012
 -0.49662628007797632        1.8367141864074957E-012
 -0.49566754208554781        1.8440250625924691E-012
 -0.49470880409311929        1.8513803176346028E-012
 -0.49375006610069078        1.8587804559312612E-012
 -0.49279132810826221        1.8662260329756451E-012
 -0.49183259011583369        1.8737176734486439E-012
 -0.49087385212340517        1.8812560970642150E-012
 -0.48991511413097666        1.8888421554861848E-012
 -0.48895637613854814        1.8964768841305673E-012
 -0.48799763814611957        1.9041615716152100E-012
 -0.48703890015369106        1.9118978410779575E-012
 -0.48608016216126254        1.9196877076870300E-012
 -0.48512142416883403        1.9275334818340523E-012
 -0.48416268617640551        1.9354371413369003E-012
 -0.48320394818397699        1.9433983136291854E-012
 -0.48224521019154842        1.9514098576584957E-012
 -0.48128647219911991        1.9594532607679835E-012
 -0.48032773420669139        1.9675051353388844E-012
 -0.47936899621426288        1.9755604112278701E-012
 -0.47841025822183436        1.9836409586109594E-012
 -0.47745152022940579        1.9917726245492560E-012
 -0.47649278223697727        1.9999677623136900E-012
 -0.47553404424454876        2.0082275316307545E-012
 -0.47457530625212024        2.0165485469820169E-012
 -0.47361656825969173        2.0249261765312250E-012
 -0.47265783026726321        2.0333550948724945E-012
 -0.47169909227483464        2.0418286880488320E-012
 -0.47074035428240613        2.0503386350219437E-012
 -0.46978161628997761        2.0588770762431149E-012
 -0.46882287829754909        2.0674452901814976E-012
 -0.46786414030512058        2.0760656609615410E-012
 -0.46690540231269201        2.0847740302111087E-012
 -0.46594666432026349        2.0935875252562894E-012
 -0.46498792632783498        2.1024946999739545E-012
 -0.46402918833540646        2.1114761449579000E-012
 -0.46307045034297795        2.1205189745327485E-012
 -0.46211171235054938        2.1296175676229890E-012
 -0.46115297435812086        2.1387704100559984E-012
 -0.46019423636569234        2.1479777580494604E-012
 -0.45923549837326383        2.1572404815825556E-012
 -0.45827676038083531        2.1665595780472851E-012
 -0.45731802238840680        2.1759359868320749E-012
 -0.45635928439597823        2.1853705230866867E-012
 -0.45540054640354971        2.1948638512854799E-012
 -0.45444180841112120        2.2044164668997898E-012
 -0.45348307041869268        2.2140286786418836E-012
 -0.45252433242626416        2.2237006125694317E-012
 -0.45156559443383559        2.2334323211499899E-012
 -0.45060685644140708        2.2432242304926649E-012
 -0.44964811844897856        2.2530783486382206E-012
 -0.44868938045655005        2.2630002271741361E-012
 -0.44773064246412153        2.2729989522145098E-012
 -0.44677190447169302        2.2830807276788168E-012
 -0.44581316647926444        2.2932422512928483E-012
 -0.44485442848683593        2.3034754130535086E-012
 -0.44389569049440741        2.3137747788091373E-012
 -0.44293695250197890        2.3241377356782722E-012
 -0.44197821450955038        2.3345614583098961E-012
 -0.44101947651712181        2.3450429671238887E-012
 -0.44006073852469330        2.3555836382893214E-012
 -0.43910200053226478        2.3661904659455880E-012
 -0.43814326253983626        2.3768703366258251E-012
 -0.43718452454740775        2.3876264533180569E-012
 -0.43622578655497923        2.3984595742384397E-012
 -0.43526704856255066        2.4093698348561791E-012
 -0.43430831057012215        2.4203575646567186E-012
 -0.43334957257769363        2.4314235059784767E-012
 -0.43239083458526512        2.4425688700262546E-012
 -0.43143209659283660        2.4537953925713620E-012
 -0.43047335860040803        2.4651053931340806E-012
 -0.42951462060797951        2.4765016723754391E-012
 -0.42855588261555100        2.4879867512103223E-012
 -0.42759714462312248        2.4995606422967867E-012
 -0.42663840663069397        2.5112179846523014E-012
 -0.42567966863826545        2.5229511199768352E-012
 -0.42472093064583688        2.5347627099585873E-012
 -0.42376219265340836        2.5466701322648435E-012
 -0.42280345466097985        2.5586921345973423E-012
 -0.42184471666855133        2.5708318176760626E-012
 -0.42088597867612282        2.5830608610860319E-012
 -0.41992724068369425        2.5953236661865683E-012
 -0.41896850269126573        2.6075869253286185E-012
 -0.41800976469883722        2.6198734140223312E-012
 -0.41705102670640870        2.6322267833344260E-012
 -0.41609228871398019        2.6446749555482791E-012
 -0.41513355072155161        2.6572279146617561E-012
 -0.41417481272912310        2.6698867939809425E-012
 -0.41321607473669458        2.6826499702659251E-012
 -0.41225733674426607        2.6955155347993890E-012
 -0.41129859875183755        2.7084820245677639E-012
 -0.41033986075940904        2.7215485203820294E-012
 -0.40938112276698047        2.7347145685711212E-012
 -0.40842238477455195        2.7479800751955901E-012
 -0.40746364678212343        2.7613452202495452E-012
 -0.40650490878969492        2.7748104024384111E-012
 -0.40554617079726640        2.7883762227510200E-012
 -0.40458743280483783        2.8020435091977791E-012
 -0.40362869481240932        2.8158133383288243E-012
 -0.40266995681998080        2.8296868649751462E-012
 -0.40171121882755229        2.8436648350149879E-012
 -0.40075248083512377        2.8577474256846060E-012
 -0.39979374284269525        2.8719349125905063E-012
 -0.39883500485026668        2.8862281048965659E-012
 -0.39787626685783817        2.9006281203915834E-012
 -0.39691752886540965        2.9151361178806603E-012
 -0.39595879087298114        2.9297532077556450E-012
 -0.39500005288055262        2.9444804451025571E-012
 -0.39404131488812405        2.9593188311730277E-012
 -0.39308257689569553        2.9742692987046978E-012
 -0.39212383890326702        2.9893326706222222E-012
 -0.39116510091083850        3.0045095848371298E-012
 -0.39020636291840999        3.0198003963376000E-012
 -0.38924762492598147        3.0352051732899769E-012
 -0.38828888693355290        3.0507241814437060E-012
 -0.38733014894112439        3.0663592971857630E-012
 -0.38637141094869587        3.0821149018048286E-012
 -0.38541267295626735        3.0979951345870580E-012
 -0.38445393496383884        3.1140006089383435E-012
 -0.38349519697141027        3.1301296363179350E-012
 -0.38253645897898175        3.1463805769522194E-012
 -0.38157772098655324        3.1627524641206284E-012
 -0.38061898299412472        3.1792450556835973E-012
 -0.37966024500169621        3.1958598278893802E-012
 -0.37870150700926769        3.2126031537372384E-012
 -0.37774276901683912        3.2294914326346115E-012
 -0.37678403102441060        3.2465494546853301E-012
 -0.37582529303198209        3.2637879670902516E-012
 -0.37486655503955357        3.2811850714567424E-012
 -0.37390781704712506        3.2987107899644984E-012
 -0.37294907905469649        3.3163539002173259E-012
 -0.37199034106226797        3.3341201657511918E-012
 -0.37103160306983946        3.3520226394596567E-012
 -0.37007286507741094        3.3700718503704625E-012
 -0.36911412708498242        3.3882691441241403E-012
 -0.36815538909255385        3.4066111439046394E-012
 -0.36719665110012534        3.4250962554589622E-012
 -0.36623791310769682        3.4437253210379447E-012
 -0.36527917511526831        3.4625002040170479E-012
 -0.36432043712283979        3.4814233150135537E-012
 -0.36336169913041128        3.5004985928980889E-012
 -0.36240296113798270        3.5197339112833379E-012
 -0.36144422314555419        3.5391421880368966E-012
 -0.36048548515312567        3.5587335580929248E-012
 -0.35952674716069716        3.5785028931375592E-012
 -0.35856800916826864        3.5984363604661932E-012
 -0.35760927117584007        3.6185271484131254E-012
 -0.35665053318341156        3.6387767343962747E-012
 -0.35569179519098304        3.6591894416833766E-012
 -0.35473305719855452        3.6797695035330676E-012
 -0.35377431920612601        3.7005204293132290E-012
 -0.35281558121369749        3.7214451043612291E-012
 -0.35185684322126892        3.7425459704323056E-012
 -0.35089810522884041        3.7638251421385027E-012
 -0.34993936723641189        3.7852844555887747E-012
 -0.34898062924398338        3.8069255072210501E-012
 -0.34802189125155486        3.8287498580430367E-012
 -0.34706315325912629        3.8507598225196351E-012
 -0.34610441526669777        3.8729600551677274E-012
 -0.34514567727426926        3.8953577044357944E-012
 -0.34418693928184074        3.9179578063469439E-012
 -0.34322820128941223        3.9407600312989172E-012
 -0.34226946329698371        3.9637625609470439E-012
 -0.34131072530455514        3.9869654784396587E-012
 -0.34035198731212662        4.0103705385579385E-012
 -0.33939324931969811        4.0339802001249316E-012
 -0.33843451132726959        4.0577971718539938E-012
 -0.33747577333484108        4.0818244130002631E-012
 -0.33651703534241251        4.1060654784473854E-012
 -0.33555829734998399        4.1305251776903458E-012
 -0.33459955935755548        4.1552100971708655E-012
 -0.33364082136512696        4.1801270970608660E-012
 -0.33268208337269844        4.2052780439979376E-012
 -0.33172334538026993        4.2306575142766844E-012
 -0.33076460738784136        4.2562608980176302E-012
 -0.32980586939541284        4.2820898176896418E-012
 -0.32884713140298433        4.3081491397442685E-012
 -0.32788839341055581        4.3344438654823662E-012
 -0.32692965541812730        4.3609783192895515E-012
 -0.32597091742569873        4.3877562703401493E-012
 -0.32501217943327021        4.4147811661623956E-012
 -0.32405344144084169        4.4420562962434740E-012
 -0.32309470344841318        4.4695848857861028E-012
 -0.32213596545598466        4.4973701472163841E-012
 -0.32117722746355615        4.5254153078936029E-012
 -0.32021848947112758        4.5537236254253120E-012
 -0.31925975147869906        4.5822983961258171E-012
 -0.31830101348627055        4.6111429598424619E-012
 -0.31734227549384203        4.6402607026059298E-012
 -0.31638353750141351        4.6696550579895862E-012
 -0.31542479950898494        4.6993295074709326E-012
 -0.31446606151655643        4.7292875799920343E-012
 -0.31350732352412791        4.7595328505342295E-012
 -0.31254858553169940        4.7900689375903471E-012
 -0.31158984753927088        4.8208994988856842E-012
 -0.31063110954684231        4.8520282247764319E-012
 -0.30967237155441379        4.8834588278022286E-012
 -0.30871363356198528        4.9151950266467545E-012
 -0.30775489556955676        4.9472405208972057E-012
 -0.30679615757712825        4.9795989518124801E-012
 -0.30583741958469973        5.0122738413238785E-012
 -0.30487868159227116        5.0452685012171118E-012
 -0.30391994359984265        5.0785859146191529E-012
 -0.30296120560741413        5.1122286506240185E-012
 -0.30200246761498561        5.1461990923210775E-012
 -0.30104372962255710        5.1805007811447346E-012
 -0.30008499163012853        5.2151417556149902E-012
 -0.29912625363770001        5.2501375940411499E-012
 -0.29816751564527150        5.2855097985881275E-012
 -0.29720877765284298        5.3212787879010164E-012
 -0.29625003966041447        5.3574440319429608E-012
 -0.29529130166798595        5.3939822001663417E-012
 -0.29433256367555738        5.4308779097489879E-012
 -0.29337382568312886        5.4681334750569196E-012
 -0.29241508769070035        5.5057601361508347E-012
 -0.29145634969827183        5.5437719636579020E-012
 -0.29049761170584332        5.5821825830295842E-012
 -0.28953887371341475        5.6210049758689799E-012
 -0.28858013572098623        5.6602454198574206E-012
 -0.28762139772855772        5.6998997033686525E-012
 -0.28666265973612920        5.7399655206040953E-012
 -0.28570392174370068        5.7804476301030548E-012
 -0.28474518375127217        5.8213537418867906E-012
 -0.28378644575884360        5.8626917405229991E-012
 -0.28282770776641508        5.9044690662895685E-012
 -0.28186896977398657        5.9466927953305210E-012
 -0.28091023178155805        5.9893697933953262E-012
 -0.27995149378912954        6.0325068276649880E-012
 -0.27899275579670096        6.0761106261859270E-012
 -0.27803401780427245        6.1201879009515477E-012
 -0.27707527981184393        6.1647453383649539E-012
 -0.27611654181941542        6.2097895588024506E-012
 -0.27515780382698690        6.2553270405458144E-012
 -0.27419906583455839        6.3013640243348402E-012
 -0.27324032784212982        6.3479065140186484E-012
 -0.27228158984970130        6.3949608928667338E-012
 -0.27132285185727278        6.4425366901822045E-012
 -0.27036411386484427        6.4906525367391779E-012
 -0.26940537587241575        6.5393345774493638E-012
 -0.26844663787998718        6.5885926139400663E-012
 -0.26748789988755867        6.6384157257447548E-012
 -0.26652916189513015        6.6887990749399929E-012
 -0.26557042390270164        6.7397497793594956E-012
 -0.26461168591027312        6.7912791669028138E-012
 -0.26365294791784455        6.8433988584605284E-012
 -0.26269420992541603        6.8961200915246480E-012
 -0.26173547193298752        6.9494539384196717E-012
 -0.26077673394055900        7.0034116322445739E-012
 -0.25981799594813049        7.0580048367174031E-012
 -0.25885925795570197        7.1132457871554577E-012
 -0.25790051996327340        7.1691467822399893E-012
 -0.25694178197084488        7.2257175276683007E-012
 -0.25598304397841637        7.2829566364744519E-012
 -0.25502430598598785        7.3408404878626492E-012
 -0.25406556799355934        7.3993453550521527E-012
 -0.25310683000113077        7.4585071210821344E-012
 -0.25214809200870225        7.5183910350331932E-012
 -0.25118935401627374        7.5790280847910978E-012
 -0.25023061602384522        7.6404272965526457E-012
 -0.24927187803141668        7.7025965040801858E-012
 -0.24831314003898816        7.7655388525575481E-012
 -0.24735440204655965        7.8292601585591187E-012
 -0.24639566405413110        7.8937773344081180E-012
 -0.24543692606170259        7.9591035689852042E-012
 -0.24447818806927407        8.0252476169279687E-012
 -0.24351945007684553        8.0922199719505478E-012
 -0.24256071208441701        8.1600333606705271E-012
 -0.24160197409198850        8.2287017211022810E-012
 -0.24064323609955995        8.2982395842098182E-012
 -0.23968449810713144        8.3686618558594638E-012
 -0.23872576011470290        8.4399837435354501E-012
 -0.23776702212227438        8.5122207448134862E-012
 -0.23680828412984586        8.5853886412074223E-012
 -0.23584954613741732        8.6595034942567978E-012
 -0.23489080814498881        8.7345816514606720E-012
 -0.23393207015256029        8.8106398875990707E-012
 -0.23297333216013175        8.8876957857175027E-012
 -0.23201459416770323        8.9657675690685393E-012
 -0.23105585617527469        9.0448731351986327E-012
 -0.23009711818284617        9.1250303616404286E-012
 -0.22913838019041766        9.2062577501406331E-012
 -0.22817964219798911        9.2885744085676124E-012
 -0.22722090420556060        9.3719999337051882E-012
 -0.22626216621313208        9.4565543715507726E-012
 -0.22530342822070354        9.5422582181859325E-012
 -0.22434469022827502        9.6291324313143454E-012
 -0.22338595223584651        9.7171984449738339E-012
 -0.22242721424341796        9.8064781846674454E-012
 -0.22146847625098945        9.8969940831117161E-012
 -0.22050973825856091        9.9887690965514092E-012
 -0.21955100026613239        1.0081826722085139E-011
 -0.21859226227370387        1.0176191016759148E-011
 -0.21763352428127533        1.0271886618507768E-011
 -0.21667478628884682        1.0368938772055012E-011
 -0.21571604829641830        1.0467373358644538E-011
 -0.21475731030398976        1.0567216940559158E-011
 -0.21379857231156124        1.0668496815970294E-011
 -0.21283983431913273        1.0771241118396887E-011
 -0.21188109632670418        1.0875478942416805E-011
 -0.21092235833427567        1.0981240547103958E-011
 -0.20996362034184712        1.1088557335173322E-011
 -0.20900488234941861        1.1197460411269250E-011
 -0.20804614435699009        1.1307973815569122E-011
 -0.20708740636456155        1.1420108143540967E-011
 -0.20612866837213303        1.1533891987670035E-011
 -0.20516993037970452        1.1649384454929176E-011
 -0.20421119238727597        1.1766631883017495E-011
 -0.20325245439484746        1.1885667359286246E-011
 -0.20229371640241892        1.2006523615609128E-011
 -0.20133497840999040        1.2129235590909153E-011
 -0.20037624041756188        1.2253840213027366E-011
 -0.19941750242513334        1.2380375926299922E-011
 -0.19845876443270483        1.2508882491138351E-011
 -0.19750002644027631        1.2639400864818971E-011
 -0.19654128844784777        1.2771973185979781E-011
 -0.19558255045541925        1.2906642775974241E-011
 -0.19462381246299074        1.3043454177407962E-011
 -0.19366507447056219        1.3182453219649006E-011
 -0.19270633647813368        1.3323687069716885E-011
 -0.19174759848570513        1.3467204229418846E-011
 -0.19078886049327662        1.3613054596779944E-011
 -0.18983012250084810        1.3761290272663713E-011
 -0.18887138450841956        1.3911965894532101E-011
 -0.18791264651599104        1.4065139958058030E-011
 -0.18695390852356253        1.4220876870451303E-011
 -0.18599517053113399        1.4379248955210717E-011
 -0.18503643253870547        1.4540311537118935E-011
 -0.18407769454627693        1.4704012208065419E-011
 -0.18311895655384841        1.4870365736762153E-011
 -0.18216021856141990        1.5039567205600684E-011
 -0.18120148056899135        1.5211703024546115E-011
 -0.18024274257656284        1.5386825421505753E-011
 -0.17928400458413432        1.5565006288061332E-011
 -0.17832526659170578        1.5746312925028251E-011
 -0.17736652859927726        1.5930813626118585E-011
 -0.17640779060684875        1.6118580573339371E-011
 -0.17544905261442020        1.6309689599801740E-011
 -0.17449031462199169        1.6504219591302710E-011
 -0.17353157662956314        1.6702252231809045E-011
 -0.17257283863713463        1.6903872159061284E-011
 -0.17161410064470611        1.7109166771286794E-011
 -0.17065536265227757        1.7318227248065678E-011
 -0.16969662465984905        1.7531148319916432E-011
 -0.16873788666742054        1.7748032559349044E-011
 -0.16777914867499200        1.7968992455289056E-011
 -0.16682041068256348        1.8194178842213394E-011
 -0.16586167269013496        1.8423800989132572E-011
 -0.16490293469770642        1.8658022612548109E-011
 -0.16394419670527791        1.8896197536552801E-011
 -0.16298545871284936        1.9138582193252265E-011
 -0.16202672072042085        1.9385820497085886E-011
 -0.16106798272799233        1.9638040877193735E-011
 -0.16010924473556379        1.9895304546635484E-011
 -0.15915050674313527        2.0157581401615107E-011
 -0.15819176875070676        2.0425059374084798E-011
 -0.15723303075827821        2.0697927238524136E-011
 -0.15627429276584970        2.0976328992069676E-011
 -0.15531555477342116        2.1260425625390893E-011
 -0.15435681678099264        2.1550406376320867E-011
 -0.15339807878856412        2.1846314919198022E-011
 -0.15243934079613558        2.2148221463856847E-011
 -0.15148060280370707        2.2456451309206458E-011
 -0.15052186481127855        2.2771195061024223E-011
 -0.14956312681885001        2.3092619901579574E-011
 -0.14860438882642149        2.3420907685225771E-011
 -0.14764565083399298        2.3756251207948096E-011
 -0.14668691284156443        2.4098852313218446E-011
 -0.14572817484913592        2.4448920579748400E-011
 -0.14476943685670737        2.4806674433580899E-011
 -0.14381069886427886        2.5172339340201419E-011
 -0.14285196087185034        2.5546151224284559E-011
 -0.14189322287942180        2.5928351807127647E-011
 -0.14093448488699328        2.6319196922778397E-011
 -0.13997574689456477        2.6718944144248638E-011
 -0.13901700890213622        2.7127873922577809E-011
 -0.13805827090970771        2.7546255279340354E-011
 -0.13709953291727919        2.7974405640299689E-011
 -0.13614079492485065        2.8412578048656393E-011
 -0.13518205693242213        2.8861187081991959E-011
 -0.13422331893999359        2.9320172787796357E-011
 -0.13326458094756508        2.9790296201320508E-011
 -0.13230584295513656        3.0266393565545351E-011
 -0.13134710496270802        3.0761896696471110E-011
 -0.13038836697027950        3.1270016630066208E-011
 -0.12942962897785099        3.1788525457308116E-011
 -0.12847089098542244        3.2320037070420264E-011
 -0.12751215299299393        3.2864431394268675E-011
 -0.12655341500056538        3.3423288840668126E-011
 -0.12559467700813687        3.3994116069103807E-011
 -0.12463593901570834        3.4595961049178980E-011
 -0.12367720102327982        3.5192040913058160E-011
 -0.12271846303085129        3.5808040272556894E-011
 -0.12175972503842276        3.6442386977009556E-011
 -0.12080098704599425        3.7120453338041406E-011
 -0.11984224905356572        3.7774909961699560E-011
 -0.11888351106113719        3.8458343871878327E-011
 -0.11792477306870866        3.9162557333971736E-011
 -0.11696603507628014        3.9905898495731220E-011
 -0.11600729708385162        4.0648608019996420E-011
 -0.11504855909142309        4.1413053151998141E-011
 -0.11408982109899456        4.2200168807067555E-011
 -0.11313108310656604        4.3008119850203241E-011
 -0.11217234511413751        4.3845932651361784E-011
 -0.11121360712170898        4.4710284303489952E-011
 -0.11025486912928045        4.5596877190031727E-011
 -0.10929613113685194        4.6513452298604930E-011
 -0.10833739314442341        4.7460236218328213E-011
 -0.10737865515199488        4.8432119653464318E-011
 -0.10641991715956636        4.9428688493895323E-011
 -0.10546117916713783        5.0456365862161830E-011
 -0.10450244117470930        5.1514592997205907E-011
 -0.10354370318228077        5.2610263930701642E-011
 -0.10258496518985226        5.3758199938099475E-011
 -0.10162622719742373        5.4932298966676202E-011
 -0.10066748920499520        5.6145818768311336E-011
  -9.9708751212566671E-002   5.7397440669734375E-011
  -9.8750013220138155E-002   5.8690160281157264E-011
  -9.7791275227709626E-002   6.0026586540400537E-011
  -9.6832537235281096E-002   6.1408020845248633E-011
  -9.5873799242852567E-002   6.2837908986977684E-011
  -9.4915061250424052E-002   6.4322607427535799E-011
  -9.3956323257995522E-002   6.5864445746801747E-011
  -9.2997585265566993E-002   6.7462685557870985E-011
  -9.2038847273138463E-002   6.9117658439091181E-011
  -9.1080109280709948E-002   7.0830641780117711E-011
  -9.0121371288281418E-002   7.2606063245743305E-011
  -8.9162633295852889E-002   7.4449268678180029E-011
  -8.8203895303424373E-002   7.6363762620441677E-011
  -8.7245157310995844E-002   7.8353569188362834E-011
  -8.6286419318567315E-002   8.0423954355469779E-011
  -8.5327681326138785E-002   8.2579011716937656E-011
  -8.4368943333710270E-002   8.4821593739934997E-011
  -8.3410205341281740E-002   8.7155579087041631E-011
  -8.2451467348853211E-002   8.9585782381860568E-011
  -8.1492729356424681E-002   9.2118932320660175E-011
  -8.0533991363996166E-002   9.4762377000305695E-011
  -7.9575253371567636E-002   9.7523898642720167E-011
  -7.8616515379139107E-002   1.0040951481597234E-010
  -7.7657777386710578E-002   1.0342707989539543E-010
  -7.6699039394282062E-002   1.0658294810114349E-010
  -7.5740301401853533E-002   1.0988520943401302E-010
  -7.4781563409425003E-002   1.1334067245965956E-010
  -7.3822825416996488E-002   1.1696061806940015E-010
  -7.2864087424567958E-002   1.2075354442045704E-010
  -7.1905349432139429E-002   1.2473601335375053E-010
  -7.0946611439710899E-002   1.2893442943139985E-010
  -6.9987873447282384E-002   1.3327489800537201E-010
  -6.9029135454853854E-002   1.3803726027054908E-010
  -6.8070397462425325E-002   1.4284923366093622E-010
  -6.7111659469996796E-002   1.4791590019006491E-010
  -6.6152921477568280E-002   1.5335743533745376E-010
  -6.5194183485139751E-002   1.5905886899850736E-010
  -6.4235445492711221E-002   1.6510428909023418E-010
  -6.3276707500282692E-002   1.7148865551770233E-010
  -6.2317969507854169E-002   1.7825984995055641E-010
  -6.1359231515425647E-002   1.8544355653418943E-010
  -6.0400493522997124E-002   1.9306866207938755E-010
  -5.9441755530568595E-002   2.0116330439128980E-010
  -5.8483017538140072E-002   2.0977988224429184E-010
  -5.7524279545711543E-002   2.1896650777248536E-010
  -5.6565541553283021E-002   2.2877591858256063E-010
  -5.5606803560854491E-002   2.3925690315392413E-010
  -5.4648065568425969E-002   2.5046944441876332E-010
  -5.3689327575997439E-002   2.6248393284239441E-010
  -5.2730589583568917E-002   2.7538104733893325E-010
  -5.1771851591140387E-002   2.8925110493981188E-010
  -5.0813113598711865E-002   3.0419896544168078E-010
  -4.9854375606283335E-002   3.2033865360800269E-010
  -4.8895637613854813E-002   3.3780607765404046E-010
  -4.7936899621426284E-002   3.5673839589127634E-010
  -4.6978161628997761E-002   3.7732147453831524E-010
  -4.6019423636569232E-002   3.9972024412151046E-010
  -4.5060685644140709E-002   4.2420053415825434E-010
  -4.4101947651712187E-002   4.5095642782491403E-010
  -4.3143209659283657E-002   4.8038342739214337E-010
  -4.2184471666855135E-002   5.1269817467863820E-010
  -4.1225733674426605E-002   5.4851385658842719E-010
  -4.0266995681998083E-002   5.8803010526890612E-010
  -3.9308257689569553E-002   6.3225685090566514E-010
  -3.8349519697141031E-002   6.8124541254953208E-010
  -3.7390781704712502E-002   7.3680810702374007E-010
  -3.6432043712283979E-002   7.9844201221122474E-010
  -3.5473305719855450E-002   8.6975550612861033E-010
  -3.4514567727426927E-002   9.4848638342431257E-010
  -3.3555829734998398E-002   1.0425843869511211E-009
  -3.2597091742569875E-002   1.1446109237612827E-009
  -3.1638353750141346E-002   1.2734527268181221E-009
  -3.0679615757712823E-002   1.4071099208268398E-009
  -2.9720877765284297E-002   1.5927150933843025E-009
  -2.8762139772855772E-002   1.7679187582857045E-009
  -2.7803401780427246E-002   2.0548478691285131E-009
  -2.6844663787998720E-002   2.2790029686642715E-009
  -2.5885925795570194E-002   2.7656208981946048E-009
  -2.4927187803141668E-002   3.0274296891359046E-009
  -2.3968449810713142E-002   3.9595494712545687E-009
  -2.3009711818284616E-002   4.1608965534307127E-009
  -2.2050973825856093E-002   6.2317808160925792E-009
  -2.1092235833427567E-002   5.9566628220508245E-009
  -2.0133497840999041E-002   1.1412192252804398E-008
  -1.9174759848570515E-002   9.0520023679960211E-009
  -1.8216021856141990E-002   2.6862824427563968E-008
  -1.7257283863713464E-002   1.5790772028361908E-008
  -1.6298545871284938E-002   9.8016189865339956E-008
  -1.5339807878856412E-002   4.3965648082701715E-008
  -1.4381069886427886E-002   1.0492406578490191E-006
  -1.3422331893999360E-002   4.7329256555976051E-006
  -1.2463593901570834E-002   2.7262722984515526E-006
  -1.1504855909142308E-002   1.4018463608813246E-008
  -1.0546117916713784E-002   2.1785024909725366E-007
  -9.5873799242852577E-003   1.2947968262151502E-009
  -8.6286419318567318E-003   5.5366172951434300E-008
  -7.6699039394282058E-003   3.1598442593998553E-009
  -6.7111659469996799E-003   1.9934594562718982E-008
  -5.7524279545711540E-003   3.6536761312391675E-009
  -4.7936899621426289E-003   9.2097819139060156E-009
  -3.8349519697141029E-003   3.2800842328486017E-009
  -2.8762139772855770E-003   5.1356518409324200E-009
  -1.9174759848570515E-003   2.7107559922441207E-009
  -9.5873799242852573E-004   3.2742956413350457E-009
   0.0000000000000000        2.1888505378144539E-009
   9.5873799242852573E-004   2.2927565681174892E-009
   1.9174759848570515E-003   1.7592944837630112E-009
   2.8762139772855770E-003   1.7187818193975232E-009
   3.8349519697141029E-003   1.4244845521500788E-009
   4.7936899621426289E-003   1.3463916878987270E-009
   5.7524279545711540E-003   1.1686696711469509E-009
   6.7111659469996799E-003   1.0885429002005302E-009
   7.6699039394282058E-003   9.7185308436263056E-010
   8.6286419318567318E-003   9.0109884275149029E-010
   9.5873799242852577E-003   8.1882467203034500E-010
   1.0546117916713784E-002   7.5959412076177907E-010
   1.1504855909142308E-002   6.9833608278179186E-010
   1.2463593901570834E-002   6.4961982156250799E-010
   1.3422331893999360E-002   6.0218167429014379E-010
   1.4381069886427886E-002   5.6219447108519702E-010
   1.5339807878856412E-002   5.2441032917122673E-010
   1.6298545871284938E-002   4.9142791884756149E-010
   1.7257283863713464E-002   4.6070090136604592E-010
   1.8216021856141990E-002   4.3328699031564979E-010
   1.9174759848570515E-002   4.0789388103248890E-010
   2.0133497840999041E-002   3.8491280024500509E-010
   2.1092235833427567E-002   3.6365338936988869E-010
   2.2050973825856093E-002   3.4422279652140442E-010
   2.3009711818284616E-002   3.2622987546230068E-010
   2.3968449810713142E-002   3.0966619335047042E-010
   2.4927187803141668E-002   2.9429525124721330E-010
   2.5885925795570194E-002   2.8006685073113582E-010
   2.6844663787998720E-002   2.6682814949555122E-010
   2.7803401780427246E-002   2.5451869783895970E-010
   2.8762139772855772E-002   2.4303337966264860E-010
   2.9720877765284297E-002   2.3231412812940804E-010
   3.0679615757712823E-002   2.2228471896224807E-010
   3.1638353750141346E-002   2.1289380401919757E-010
   3.2597091742569875E-002   2.0408375113490526E-010
   3.3555829734998398E-002   1.9581075974249846E-010
   3.4514567727426927E-002   1.8802986967643531E-010
   3.5473305719855450E-002   1.8070429121383636E-010
   3.6432043712283979E-002   1.7379815827608207E-010
   3.7390781704712502E-002   1.6728071171031431E-010
   3.8349519697141031E-002   1.6112295410064115E-010
   3.9308257689569553E-002   1.5529906848605505E-010
   4.0266995681998083E-002   1.4978552416604398E-010
   4.1225733674426605E-002   1.4456027033266770E-010
   4.2184471666855135E-002   1.3960422010256212E-010
   4.3143209659283657E-002   1.3489851560295839E-010
   4.4101947651712187E-002   1.3042598095089345E-010
   4.5060685644140709E-002   1.2617502381928065E-010
   4.6019423636569232E-002   1.2212460085578504E-010
   4.6978161628997761E-002   1.1826939983165911E-010
   4.7936899621426284E-002   1.1459172884482994E-010
   4.8895637613854813E-002   1.1108424947972338E-010
   4.9854375606283335E-002   1.0773452603942132E-010
   5.0813113598711865E-002   1.0453452191867632E-010
   5.1771851591140387E-002   1.0147465620784349E-010
   5.2730589583568917E-002   9.8547339791489133E-011
   5.3689327575997439E-002   9.5744734239832323E-011
   5.4648065568425969E-002   9.3060028447331058E-011
   5.5606803560854491E-002   9.0486592424060099E-011
   5.6565541553283021E-002   8.8018426136145030E-011
   5.7524279545711543E-002   8.5649823975038337E-011
   5.8483017538140072E-002   8.3375528232488666E-011
   5.9441755530568595E-002   8.1190582701674508E-011
   6.0400493522997124E-002   7.9090379518773495E-011
   6.1359231515425647E-002   7.7070588487728930E-011
   6.2317969507854169E-002   7.5127162354144913E-011
   6.3276707500282692E-002   7.3256300445290023E-011
   6.4235445492711221E-002   7.1454438064886295E-011
   6.5194183485139751E-002   6.9718225562525516E-011
   6.6152921477568280E-002   6.8044514090167016E-011
   6.7111659469996796E-002   6.6430340893061308E-011
   6.8070397462425325E-002   6.4872916669467250E-011
   6.9029135454853854E-002   6.3369612605925391E-011
   6.9987873447282384E-002   6.1917951547946789E-011
   7.0946611439710899E-002   6.0515593987669856E-011
   7.1905349432139429E-002   5.9160335083847239E-011
   7.2864087424567958E-002   5.7850085880689766E-011
   7.3822825416996488E-002   5.6582881273651382E-011
   7.4781563409425003E-002   5.5356847298526322E-011
   7.5740301401853533E-002   5.4170236045205433E-011
   7.6699039394282062E-002   5.3021347329151513E-011
   7.7657777386710578E-002   5.1908637051255012E-011
   7.8616515379139107E-002   5.0830571883209156E-011
   7.9575253371567636E-002   4.9785741724850423E-011
   8.0533991363996166E-002   4.8772791716528318E-011
   8.1492729356424681E-002   4.7790439716465091E-011
   8.2451467348853211E-002   4.6837465367223169E-011
   8.3410205341281740E-002   4.5912708430753095E-011
   8.4368943333710270E-002   4.5015067913064099E-011
   8.5327681326138785E-002   4.4143492347285455E-011
   8.6286419318567315E-002   4.3296985597474185E-011
   8.7245157310995844E-002   4.2474591917432949E-011
   8.8203895303424373E-002   4.1675407607020925E-011
   8.9162633295852889E-002   4.0898567735853768E-011
   9.0121371288281418E-002   4.0143245357866757E-011
   9.1080109280709948E-002   3.9408658528204895E-011
   9.2038847273138463E-002   3.8694048950793897E-011
   9.2997585265566993E-002   3.7998706971437823E-011
   9.3956323257995522E-002   3.7321942482560370E-011
   9.4915061250424052E-002   3.6663102214977953E-011
   9.5873799242852567E-002   3.6021555120230400E-011
   9.6832537235281096E-002   3.5396714902469976E-011
   9.7791275227709626E-002   3.4787987231628858E-011
   9.8750013220138155E-002   3.4194844646812327E-011
   9.9708751212566671E-002   3.3616758305050127E-011
  0.10066748920499520        3.3053196097196276E-011
  0.10162622719742373        3.2503712481617777E-011
  0.10258496518985226        3.1967823322726646E-011
  0.10354370318228077        3.1445083757661243E-011
  0.10450244117470930        3.0935086174308015E-011
  0.10546117916713783        3.0437372394676397E-011
  0.10641991715956636        2.9951663225417226E-011
  0.10737865515199488        2.9477328303142572E-011
  0.10833739314442341        2.9014420573220756E-011
  0.10929613113685194        2.8562129933167595E-011
  0.11025486912928045        2.8120472213872268E-011
  0.11121360712170898        2.7688908238731000E-011
  0.11217234511413751        2.7267261780424240E-011
  0.11313108310656604        2.6855143168511511E-011
  0.11408982109899456        2.6452329077226370E-011
  0.11504855909142309        2.6058495942892061E-011
  0.11600729708385162        2.5673411431672027E-011
  0.11696603507628014        2.5296793453100756E-011
  0.11792477306870866        2.4928413383895540E-011
  0.11888351106113719        2.4568018883183811E-011
  0.11984224905356572        2.4215390606346039E-011
  0.12080098704599425        2.3870299082791317E-011
  0.12175972503842276        2.3532536777423843E-011
  0.12271846303085129        2.3201892585474820E-011
  0.12367720102327982        2.2878171936007557E-011
  0.12463593901570834        2.2561178669714591E-011
  0.12559467700813687        2.2250732037180673E-011
  0.12655341500056538        2.1946647386740734E-011
  0.12751215299299393        2.1648759468866672E-011
  0.12847089098542244        2.1356891600787909E-011
  0.12942962897785099        2.1070892211439290E-011
  0.13038836697027950        2.0790598293766241E-011
  0.13134710496270802        2.0515862277984937E-011
  0.13230584295513656        2.0246537653445389E-011
  0.13326458094756508        1.9982482479660391E-011
  0.13422331893999359        1.9723562527274486E-011
  0.13518205693242213        1.9469641676384473E-011
  0.13614079492485065        1.9220597577448742E-011
  0.13709953291727919        1.8976300259571120E-011
  0.13805827090970771        1.8736635725492719E-011
  0.13901700890213622        1.8501482431062148E-011
  0.13997574689456477        1.8270731837476029E-011
  0.14093448488699328        1.8044272921029294E-011
  0.14189322287942180        1.7821999951375025E-011
  0.14285196087185034        1.7603811113455332E-011
  0.14381069886427886        1.7389606219936145E-011
  0.14476943685670737        1.7179289310108356E-011
  0.14572817484913592        1.6972766527830054E-011
  0.14668691284156443        1.6769947191826589E-011
  0.14764565083399298        1.6570743190600340E-011
  0.14860438882642149        1.6375068950675989E-011
  0.14956312681885001        1.6182841565535453E-011
  0.15052186481127855        1.5993980330020489E-011
  0.15148060280370707        1.5808407133385193E-011
  0.15243934079613558        1.5626045841779914E-011
  0.15339807878856412        1.5446822823537450E-011
  0.15435681678099264        1.5270666182548692E-011
  0.15531555477342116        1.5097506538422478E-011
  0.15627429276584970        1.4927275829291343E-011
  0.15723303075827821        1.4759908858547070E-011
  0.15819176875070676        1.4595340775861495E-011
  0.15915050674313527        1.4433510855599526E-011
  0.16010924473556379        1.4274356771945214E-011
  0.16106798272799233        1.4117821783507284E-011
  0.16202672072042085        1.3963846966462623E-011
  0.16298545871284936        1.3812378092017394E-011
  0.16394419670527791        1.3663360059703942E-011
  0.16490293469770642        1.3516740966511307E-011
  0.16586167269013496        1.3372469071615268E-011
  0.16682041068256348        1.3230494870227735E-011
  0.16777914867499200        1.3090769594727578E-011
  0.16873788666742054        1.2953246134183267E-011
  0.16969662465984905        1.2817878374960786E-011
  0.17065536265227757        1.2684621561059192E-011
  0.17161410064470611        1.2553431990275503E-011
  0.17257283863713463        1.2424267162774769E-011
  0.17353157662956314        1.2297085610504428E-011
  0.17449031462199169        1.2171846970997786E-011
  0.17544905261442020        1.2048511858147081E-011
  0.17640779060684875        1.1927041931490702E-011
  0.17736652859927726        1.1807399745845963E-011
  0.17832526659170578        1.1689548879402230E-011
  0.17928400458413432        1.1573453689828847E-011
  0.18024274257656284        1.1459079587132427E-011
  0.18120148056899135        1.1346392601154059E-011
  0.18216021856141990        1.1235359872018260E-011
  0.18311895655384841        1.1125949041875160E-011
  0.18407769454627693        1.1018128805968913E-011
  0.18503643253870547        1.0911868400410440E-011
  0.18599517053113399        1.0807137958709852E-011
  0.18695390852356253        1.0703908207054611E-011
  0.18791264651599104        1.0602150664596709E-011
  0.18887138450841956        1.0501837445600824E-011
  0.18983012250084810        1.0402941387650852E-011
  0.19078886049327662        1.0305435912625558E-011
  0.19174759848570513        1.0209295106877244E-011
  0.19270633647813368        1.0114493625941118E-011
  0.19366507447056219        1.0021006739218710E-011
  0.19462381246299074        9.9288102661353289E-012
  0.19558255045541925        9.8378805969118484E-012
  0.19654128844784777        9.7481946494256218E-012
  0.19750002644027631        9.6597298753664237E-012
  0.19845876443270483        9.5724642298774776E-012
  0.19941750242513334        9.4863761695334497E-012
  0.20037624041756188        9.4014446295065161E-012
  0.20133497840999040        9.3176490175599214E-012
  0.20229371640241892        9.2349691953441422E-012
  0.20325245439484746        9.1533854710826106E-012
  0.20421119238727597        9.0728785827389831E-012
  0.20516993037970452        8.9934296914547850E-012
  0.20612866837213303        8.9150203642554444E-012
  0.20708740636456155        8.8376325710744767E-012
  0.20804614435699009        8.7612486635097586E-012
  0.20900488234941861        8.6858513785170635E-012
  0.20996362034184712        8.6114238122619003E-012
  0.21092235833427567        8.5379494275866003E-012
  0.21188109632670418        8.4654120287853428E-012
  0.21283983431913273        8.3937957667570992E-012
  0.21379857231156124        8.3230851181327771E-012
  0.21475731030398976        8.2532648879097391E-012
  0.21571604829641830        8.1843201905068881E-012
  0.21667478628884682        8.1162364537099363E-012
  0.21763352428127533        8.0489993967931595E-012
  0.21859226227370387        7.9825950414592195E-012
  0.21955100026613239        7.9170096801657787E-012
  0.22050973825856091        7.8522299021734271E-012
  0.22146847625098945        7.7882425429238946E-012
  0.22242721424341796        7.7250347334423436E-012
  0.22338595223584651        7.6625938274931302E-012
  0.22434469022827502        7.6009074674192834E-012
  0.22530342822070354        7.5399635081100670E-012
  0.22626216621313208        7.4797500717252581E-012
  0.22722090420556060        7.4202554981588761E-012
  0.22817964219798911        7.3614683614151413E-012
  0.22913838019041766        7.3033774670912572E-012
  0.23009711818284617        7.2459718230293911E-012
  0.23105585617527469        7.1892406721677701E-012
  0.23201459416770323        7.1331734456756706E-012
  0.23297333216013175        7.0777597982129997E-012
  0.23393207015256029        7.0229895680731386E-012
  0.23489080814498881        6.9688528033588458E-012
  0.23584954613741732        6.9153397312901852E-012
  0.23680828412984586        6.8624407767639865E-012
  0.23776702212227438        6.8101465383951892E-012
  0.23872576011470290        6.7584478023795071E-012
  0.23968449810713144        6.7073355215509147E-012
  0.24064323609955995        6.6568008289863879E-012
  0.24160197409198850        6.6068350150189816E-012
  0.24256071208441701        6.5574295459535855E-012
  0.24351945007684553        6.5085760339019916E-012
  0.24447818806927407        6.4602662640292826E-012
  0.24543692606170259        6.4124921576781412E-012
  0.24639566405413110        6.3652458022883662E-012
  0.24735440204655965        6.3185194177910326E-012
  0.24831314003898816        6.2723053790408921E-012
  0.24927187803141668        6.2265961920115392E-012
  0.25023061602384522        6.1813845068175849E-012
  0.25118935401627374        6.1366631024984219E-012
  0.25214809200870225        6.0924248931340382E-012
  0.25310683000113077        6.0486629184535681E-012
  0.25406556799355934        6.0053703456784830E-012
  0.25502430598598785        5.9625404635898424E-012
  0.25598304397841637        5.9201666820979414E-012
  0.25694178197084488        5.8782425281491897E-012
  0.25790051996327340        5.8367616442675261E-012
  0.25885925795570197        5.7957177853657123E-012
  0.25981799594813049        5.7551048169127540E-012
  0.26077673394055900        5.7149167121798074E-012
  0.26173547193298752        5.6751475503437189E-012
  0.26269420992541603        5.6357915139656326E-012
  0.26365294791784455        5.5968428870421360E-012
  0.26461168591027312        5.5582960530912071E-012
  0.26557042390270164        5.5201454919705884E-012
  0.26652916189513015        5.4823857806814771E-012
  0.26748789988755867        5.4450115864560005E-012
  0.26844663787998718        5.4080176719174978E-012
  0.26940537587241575        5.3713988845682248E-012
  0.27036411386484427        5.3351501646858668E-012
  0.27132285185727278        5.2992665328760837E-012
  0.27228158984970130        5.2637431003180991E-012
  0.27324032784212982        5.2285750532358246E-012
  0.27419906583455839        5.1937576671885091E-012
  0.27515780382698690        5.1592862877182216E-012
  0.27611654181941542        5.1251563472229946E-012
  0.27707527981184393        5.0913633457286903E-012
  0.27803401780427245        5.0579028647918797E-012
  0.27899275579670096        5.0247705537715996E-012
  0.27995149378912954        4.9919621372712717E-012
  0.28091023178155805        4.9594734077701934E-012
  0.28186896977398657        4.9273002279103267E-012
  0.28282770776641508        4.8954385270604382E-012
  0.28378644575884360        4.8638843010399903E-012
  0.28474518375127217        4.8326336103866447E-012
  0.28570392174370068        4.8016825791544121E-012
  0.28666265973612920        4.7710273938131650E-012
  0.28762139772855772        4.7406643017996471E-012
  0.28858013572098623        4.7105896105733306E-012
  0.28953887371341475        4.6807996862274572E-012
  0.29049761170584332        4.6512909525556175E-012
  0.29145634969827183        4.6220598897467863E-012
  0.29241508769070035        4.5931030334755155E-012
  0.29337382568312886        4.5644169736659470E-012
  0.29433256367555738        4.5359983536041535E-012
  0.29529130166798595        4.5078438687631609E-012
  0.29625003966041447        4.4799502659643369E-012
  0.29720877765284298        4.4523143422175986E-012
  0.29816751564527150        4.4249329439755542E-012
  0.29912625363770001        4.3978029659318215E-012
  0.30008499163012853        4.3709213504313978E-012
  0.30104372962255710        4.3442850861561500E-012
  0.30200246761498561        4.3178912077825419E-012
  0.30296120560741413        4.2917367944300960E-012
  0.30391994359984265        4.2658189697010256E-012
  0.30487868159227116        4.2401348997110539E-012
  0.30583741958469973        4.2146817937907976E-012
  0.30679615757712825        4.1894569017242156E-012
  0.30775489556955676        4.1644575154759406E-012
  0.30871363356198528        4.1396809654629676E-012
  0.30967237155441379        4.1151246230612738E-012
  0.31063110954684231        4.0907858966812700E-012
  0.31158984753927088        4.0666622339264421E-012
  0.31254858553169940        4.0427511185588881E-012
  0.31350732352412791        4.0190500716546873E-012
  0.31446606151655643        3.9955566494847914E-012
  0.31542479950898494        3.9722684442053933E-012
  0.31638353750141351        3.9491830817870631E-012
  0.31734227549384203        3.9262982232095935E-012
  0.31830101348627055        3.9036115614460171E-012
  0.31925975147869906        3.8811208241363616E-012
  0.32021848947112758        3.8588237688312065E-012
  0.32117722746355615        3.8367181874523701E-012
  0.32213596545598466        3.8148019002554879E-012
  0.32309470344841318        3.7930727608140178E-012
  0.32405344144084169        3.7715286503980635E-012
  0.32501217943327021        3.7501674819077656E-012
  0.32597091742569873        3.7289871957323133E-012
  0.32692965541812730        3.7079857621090532E-012
  0.32788839341055581        3.6871611786033386E-012
  0.32884713140298433        3.6665114709413151E-012
  0.32980586939541284        3.6460346920133590E-012
  0.33076460738784136        3.6257289211884793E-012
  0.33172334538026993        3.6055922650246516E-012
  0.33268208337269844        3.5856228546599053E-012
  0.33364082136512696        3.5658188487321841E-012
  0.33459955935755548        3.5461784285374791E-012
  0.33555829734998399        3.5266998028163208E-012
  0.33651703534241251        3.5073812020055550E-012
  0.33747577333484108        3.4882208828458375E-012
  0.33843451132726959        3.4692171235137814E-012
  0.33939324931969811        3.4503682274899459E-012
  0.34035198731212662        3.4316725188363977E-012
  0.34131072530455514        3.4131283464988808E-012
  0.34226946329698371        3.3947340789741625E-012
  0.34322820128941223        3.3764881092552908E-012
  0.34418693928184074        3.3583888487638064E-012
  0.34514567727426926        3.3404347334388538E-012
  0.34610441526669777        3.3226242159532955E-012
  0.34706315325912629        3.3049557741742266E-012
  0.34802189125155486        3.2874279005170394E-012
  0.34898062924398338        3.2700391136430109E-012
  0.34993936723641189        3.2527879444131478E-012
  0.35089810522884041        3.2356729508586900E-012
  0.35185684322126892        3.2186927016787952E-012
  0.35281558121369749        3.2018457921660201E-012
  0.35377431920612601        3.1851308285861840E-012
  0.35473305719855452        3.1685464417829274E-012
  0.35569179519098304        3.1520912747070230E-012
  0.35665053318341156        3.1357639925075719E-012
  0.35760927117584007        3.1195632739058617E-012
  0.35856800916826864        3.1034878170996328E-012
  0.35952674716069716        3.0875363356404207E-012
  0.36048548515312567        3.0717075597979360E-012
  0.36144422314555419        3.0560002366606904E-012
  0.36240296113798270        3.0404131280642827E-012
  0.36336169913041128        3.0249450130722994E-012
  0.36432043712283979        3.0095946846068996E-012
  0.36527917511526831        2.9943609524834320E-012
  0.36623791310769682        2.9792426399121464E-012
  0.36719665110012534        2.9642385864363518E-012
  0.36815538909255385        2.9493476447911367E-012
  0.36911412708498242        2.9345686832471100E-012
  0.37007286507741094        2.9199005832505374E-012
  0.37103160306983946        2.9053422409612964E-012
  0.37199034106226797        2.8908925656534753E-012
  0.37294907905469649        2.8765504805952005E-012
  0.37390781704712506        2.8623149220344741E-012
  0.37486655503955357        2.8481848396086813E-012
  0.37582529303198209        2.8341591957084336E-012
  0.37678403102441060        2.8202369655941195E-012
  0.37774276901683912        2.8064171370219046E-012
  0.37870150700926769        2.7926987101571491E-012
  0.37966024500169621        2.7790806973668708E-012
  0.38061898299412472        2.7655621230183925E-012
  0.38157772098655324        2.7521420233597505E-012
  0.38253645897898175        2.7388194462713258E-012
  0.38349519697141027        2.7255934512081707E-012
  0.38445393496383884        2.7124631088657074E-012
  0.38541267295626735        2.6994275012644935E-012
  0.38637141094869587        2.6864857212253957E-012
  0.38733014894112439        2.6736368727337829E-012
  0.38828888693355290        2.6608800700551287E-012
  0.38924762492598147        2.6482144385798126E-012
  0.39020636291840999        2.6356391133071653E-012
  0.39116510091083850        2.6231532405647729E-012
  0.39212383890326702        2.6107559753005575E-012
  0.39308257689569553        2.5984464844469597E-012
  0.39404131488812405        2.5862239420419891E-012
  0.39500005288055262        2.5740875352795102E-012
  0.39595879087298114        2.5620364567387192E-012
  0.39691752886540965        2.5500699129441954E-012
  0.39787626685783817        2.5381871151907431E-012
  0.39883500485026668        2.5263872880325417E-012
  0.39979374284269525        2.5146696615174799E-012
  0.40075248083512377        2.5030334774712773E-012
  0.40171121882755229        2.4914779842061040E-012
  0.40266995681998080        2.4800024404498542E-012
  0.40362869481240932        2.4686061120962851E-012
  0.40458743280483783        2.4572882745190604E-012
  0.40554617079726640        2.4460482105425092E-012
  0.40650490878969492        2.4348852118513446E-012
  0.40746364678212343        2.4237985776675894E-012
  0.40842238477455195        2.4127876156002347E-012
  0.40938112276698047        2.4018516407942965E-012
  0.41033986075940904        2.3909899763745703E-012
  0.41129859875183755        2.3802019529678023E-012
  0.41225733674426607        2.3694869088170592E-012
  0.41321607473669458        2.3588441895949852E-012
  0.41417481272912310        2.3482731483016248E-012
  0.41513355072155161        2.3377731451927549E-012
  0.41609228871398019        2.3273435477007748E-012
  0.41705102670640870        2.3169837302208852E-012
  0.41800976469883722        2.3066930742615720E-012
  0.41896850269126573        2.2964709679741419E-012
  0.41992724068369425        2.2863168065633563E-012
  0.42088597867612282        2.2762299915634249E-012
  0.42184471666855133        2.2662099315249116E-012
  0.42280345466097985        2.2562560409958503E-012
  0.42376219265340836        2.2463677414818663E-012
  0.42472093064583688        2.2365444602518970E-012
  0.42567966863826545        2.2267856313596282E-012
  0.42663840663069397        2.2170906944956056E-012
  0.42759714462312248        2.2074590958738271E-012
  0.42855588261555100        2.1978902872988305E-012
  0.42951462060797951        2.1883837268012865E-012
  0.43047335860040803        2.1789388779612292E-012
  0.43143209659283660        2.1695552103218912E-012
  0.43239083458526512        2.1602321988910748E-012
  0.43334957257769363        2.1509693244357890E-012
  0.43430831057012215        2.1417660730335043E-012
  0.43526704856255066        2.1326219364349086E-012
  0.43622578655497923        2.1235364113993372E-012
  0.43718452454740775        2.1145090004689301E-012
  0.43814326253983626        2.1055392106503509E-012
  0.43910200053226478        2.0966265551747383E-012
  0.44006073852469330        2.0877705507807167E-012
  0.44101947651712181        2.0789707213479176E-012
  0.44197821450955038        2.0702265929155884E-012
  0.44293695250197890        2.0615376997269003E-012
  0.44389569049440741        2.0529035770868296E-012
  0.44485442848683593        2.0443237689450239E-012
  0.44581316647926444        2.0357978200837952E-012
  0.44677190447169302        2.0273252834776369E-012
  0.44773064246412153        2.0189057134822413E-012
  0.44868938045655005        2.0105386716316386E-012
  0.44964811844897856        2.0022237217224924E-012
  0.45060685644140708        1.9939604336243365E-012
  0.45156559443383559        1.9857483802753924E-012
  0.45252433242626416        1.9775871397628683E-012
  0.45348307041869268        1.9694762938224800E-012
  0.45444180841112120        1.9614154286973517E-012
  0.45540054640354971        1.9534041345434631E-012
  0.45635928439597823        1.9454420056912043E-012
  0.45731802238840680        1.9375286404878209E-012
  0.45827676038083531        1.9296636410611169E-012
  0.45923549837326383        1.9218466138606398E-012
  0.46019423636569234        1.9140771686153505E-012
  0.46115297435812086        1.9063549195796856E-012
  0.46211171235054938        1.8986794840674301E-012
  0.46307045034297795        1.8910504838011407E-012
  0.46402918833540646        1.8834675436038962E-012
  0.46498792632783498        1.8759302924449877E-012
  0.46594666432026349        1.8684383624985471E-012
  0.46690540231269201        1.8609913898191145E-012
  0.46786414030512058        1.8535890137393886E-012
  0.46882287829754909        1.8462308772697638E-012
  0.46978161628997761        1.8389166267128888E-012
  0.47074035428240613        1.8316459118947775E-012
  0.47169909227483464        1.8244183859215151E-012
  0.47265783026726321        1.8172337052925732E-012
  0.47361656825969173        1.8100915297509735E-012
  0.47457530625212024        1.8029915223328541E-012
  0.47553404424454876        1.7959333492665995E-012
  0.47649278223697727        1.7889166799843851E-012
  0.47745152022940579        1.7819411870516252E-012
  0.47841025822183436        1.7750065461622404E-012
  0.47936899621426288        1.7681124360785360E-012
  0.48032773420669139        1.7612585386164247E-012
  0.48128647219911991        1.7544445386050113E-012
  0.48224521019154842        1.7476701238532236E-012
  0.48320394818397699        1.7409349851196965E-012
  0.48416268617640551        1.7342388160798006E-012
  0.48512142416883403        1.7275813132964339E-012
  0.48608016216126254        1.7209621761877189E-012
  0.48703890015369106        1.7143811069964950E-012
  0.48799763814611957        1.7078378107632582E-012
  0.48895637613854814        1.7013319952933703E-012
  0.48991511413097666        1.6948633711288646E-012
  0.49087385212340517        1.6884316515258298E-012
  0.49183259011583369        1.6820365524147902E-012
  0.49279132810826221        1.6756777923869896E-012
  0.49375006610069078        1.6693550926559329E-012
  0.49470880409311929        1.6630681770389871E-012
  0.49566754208554781        1.6568167719258628E-012
  0.49662628007797632        1.6506006062578007E-012
  0.49758501807040484        1.6444194114966366E-012
  0.49854375606283335        1.6382729216081751E-012
  0.49950249405526193        1.6321608730304768E-012
  0.50046123204769044        1.6260830046534899E-012
  0.50141997004011896        1.6200390577971493E-012
  0.50237870803254747        1.6140287761825284E-012
  0.50333744602497599        1.6080519059185050E-012
  0.50429618401740450        1.6021081954740606E-012
  0.50525492200983302        1.5961973956523548E-012
  0.50621366000226153        1.5903192595818900E-012
  0.50717239799469016        1.5844735426855044E-012
  0.50813113598711868        1.5786600026562561E-012
  0.50908987397954719        1.5728783994548271E-012
  0.51004861197197571        1.5671284952688629E-012
  0.51100734996440422        1.5614100545046002E-012
  0.51196608795683274        1.5557228437684841E-012
  0.51292482594926125        1.5500666318431317E-012
  0.51388356394168977        1.5444411896693843E-012
  0.51484230193411828        1.5388462903273051E-012
  0.51580103992654680        1.5332817090197667E-012
  0.51675977791897532        1.5277472230544284E-012
  0.51771851591140394        1.5222426118228540E-012
  0.51867725390383246        1.5167676567796138E-012
  0.51963599189626097        1.5113221414343092E-012
  0.52059472988868949        1.5059058513219500E-012
  0.52155346788111800        1.5005185739926163E-012
  0.52251220587354652        1.4951600989920068E-012
