 -0.52347094386597504        1.7779536123026863E-012
 -0.52251220587354652        1.7846528924285084E-012
 -0.52155346788111800        1.7913901163143119E-012
 -0.52059472988868949        1.7981655710468343E-012
 -0.51963599189626097        1.8049795464319883E-012
 -0.51867725390383246        1.8118323350277548E-012
 -0.51771851591140394        1.8187242321735479E-012
 -0.51675977791897532        1.8256555360248514E-012
 -0.51580103992654680        1.8326265475826435E-012
 -0.51484230193411828        1.8396375707276637E-012
 -0.51388356394168977        1.8466889122535517E-012
 -0.51292482594926125        1.8537808819000243E-012
 -0.51196608795683274        1.8609137923860704E-012
 -0.51100734996440422        1.8680879594469353E-012
 -0.51004861197197571        1.8753037018656473E-012
 -0.50908987397954719        1.8825613415115953E-012
 -0.50813113598711868        1.8898612033738468E-012
 -0.50717239799469016        1.8972036155992471E-012
 -0.50621366000226153        1.9045889095289686E-012
 -0.50525492200983302        1.9120174197355813E-012
 -0.50429618401740450        1.9194894840612438E-012
 -0.50333744602497599        1.9270054436543555E-012
 -0.50237870803254747        1.9345656430122938E-012
 -0.50141997004011896        1.9421704300173345E-012
 -0.50046123204769044        1.9498201559787120E-012
 -0.49950249405526193        1.9575151756712154E-012
 -0.49854375606283335        1.9652558473794576E-012
 -0.49758501807040484        1.9730425329358840E-012
 -0.49662628007797632        1.9808755977655540E-012
 -0.49566754208554781        1.9887554109293212E-012
 -0.49470880409311929        1.9966823451644185E-012
 -0.49375006610069078        2.0046567769320708E-012
 -0.49279132810826221        2.0126790864594930E-012
 -0.49183259011583369        2.0207496577868489E-012
 -0.49087385212340517        2.0288688788128355E-012
 -0.48991511413097666        2.0370371413405252E-012
 -0.48895637613854814        2.0452548411254183E-012
 -0.48799763814611957        2.0535223779232039E-012
 -0.48703890015369106        2.0618401555384416E-012
 -0.48608016216126254        2.0702085818735808E-012
 -0.48512142416883403        2.0786280689793535E-012
 -0.48416268617640551        2.0870990331053216E-012
 -0.48320394818397699        2.0956218947513340E-012
 -0.48224521019154842        2.1041970787192462E-012
 -0.48128647219911991        2.1128250141664861E-012
 -0.48032773420669139        2.1215061346598323E-012
 -0.47936899621426288        2.1302408782300479E-012
 -0.47841025822183436        2.1390296874255633E-012
 -0.47745152022940579        2.1478730093701561E-012
 -0.47649278223697727        2.1567712958196378E-012
 -0.47553404424454876        2.1657250032193016E-012
 -0.47457530625212024        2.1747345927616371E-012
 -0.47361656825969173        2.1838005304470873E-012
 -0.47265783026726321        2.1929232871433012E-012
 -0.47169909227483464        2.2021033386475584E-012
 -0.47074035428240613        2.2113411657469937E-012
 -0.46978161628997761        2.2206372542828550E-012
 -0.46882287829754909        2.2299920952136849E-012
 -0.46786414030512058        2.2394061846814470E-012
 -0.46690540231269201        2.2488800240745852E-012
 -0.46594666432026349        2.2584141200986728E-012
 -0.46498792632783498        2.2680089848403534E-012
 -0.46402918833540646        2.2776651358383383E-012
 -0.46307045034297795        2.2873830961528283E-012
 -0.46211171235054938        2.2971633944359719E-012
 -0.46115297435812086        2.3070065650041147E-012
 -0.46019423636569234        2.3169131479101688E-012
 -0.45923549837326383        2.3268836890184657E-012
 -0.45827676038083531        2.3369187400795835E-012
 -0.45731802238840680        2.3470188588070449E-012
 -0.45635928439597823        2.3571846089536337E-012
 -0.45540054640354971        2.3674165603917869E-012
 -0.45444180841112120        2.3777152891919715E-012
 -0.45348307041869268        2.3880813777050216E-012
 -0.45252433242626416        2.3985154146432205E-012
 -0.45156559443383559        2.4090179951641142E-012
 -0.45060685644140708        2.4195897209575001E-012
 -0.44964811844897856        2.4302312003276755E-012
 -0.44868938045655005        2.4409430482843887E-012
 -0.44773064246412153        2.4517258866308300E-012
 -0.44677190447169302        2.4625803440525851E-012
 -0.44581316647926444        2.4735070562101937E-012
 -0.44485442848683593        2.4845066658324720E-012
 -0.44389569049440741        2.4955798228109724E-012
 -0.44293695250197890        2.5067271842957068E-012
 -0.44197821450955038        2.5179494147923419E-012
 -0.44101947651712181        2.5292471862617485E-012
 -0.44006073852469330        2.5406211782208866E-012
 -0.43910200053226478        2.5520720778440041E-012
 -0.43814326253983626        2.5636005800661832E-012
 -0.43718452454740775        2.5752073876919059E-012
 -0.43622578655497923        2.5868932114979478E-012
 -0.43526704856255066        2.5986587703437699E-012
 -0.43430831057012215        2.6105047912840001E-012
 -0.43334957257769363        2.6224320096777281E-012
 -0.43239083458526512        2.6344411693055163E-012
 -0.43143209659283660        2.6465330224808810E-012
 -0.43047335860040803        2.6587083301754941E-012
 -0.42951462060797951        2.6709678621305656E-012
 -0.42855588261555100        2.6833123969849969E-012
 -0.42759714462312248        2.6957427223950907E-012
 -0.42663840663069397        2.7082596351617609E-012
 -0.42567966863826545        2.7208639413587806E-012
 -0.42472093064583688        2.7335564564614833E-012
 -0.42376219265340836        2.7463380054789486E-012
 -0.42280345466097985        2.7592094230878064E-012
 -0.42184471666855133        2.7721715537696208E-012
 -0.42088597867612282        2.7852252519479961E-012
 -0.41992724068369425        2.7983713821298161E-012
 -0.41896850269126573        2.8116108190494489E-012
 -0.41800976469883722        2.8249444478131417E-012
 -0.41705102670640870        2.8383731640465664E-012
 -0.41609228871398019        2.8518978740464316E-012
 -0.41513355072155161        2.8655194949329826E-012
 -0.41417481272912310        2.8792389548042851E-012
 -0.41321607473669458        2.8930571928968904E-012
 -0.41225733674426607        2.9069751597439806E-012
 -0.41129859875183755        2.9209938173401955E-012
 -0.41033986075940904        2.9351141393077717E-012
 -0.40938112276698047        2.9493371110652310E-012
 -0.40842238477455195        2.9636637299998323E-012
 -0.40746364678212343        2.9780950056414178E-012
 -0.40650490878969492        2.9926319598413061E-012
 -0.40554617079726640        3.0072756269532828E-012
 -0.40458743280483783        3.0220270540165969E-012
 -0.40362869481240932        3.0368873009436350E-012
 -0.40266995681998080        3.0518574407103296E-012
 -0.40171121882755229        3.0669385595499050E-012
 -0.40075248083512377        3.0821317571506764E-012
 -0.39979374284269525        3.0974381468549902E-012
 -0.39883500485026668        3.1128588558634551E-012
 -0.39787626685783817        3.1283950254435464E-012
 -0.39691752886540965        3.1440478111405679E-012
 -0.39595879087298114        3.1598183829910870E-012
 -0.39500005288055262        3.1757079257441984E-012
 -0.39404131488812405        3.1917176390804355E-012
 -0.39308257689569553        3.2078487378422880E-012
 -0.39212383890326702        3.2241024522612014E-012
 -0.39116510091083850        3.2404800281946054E-012
 -0.39020636291840999        3.2569827273621379E-012
 -0.38924762492598147        3.2736118275925493E-012
 -0.38828888693355290        3.2903686230654215E-012
 -0.38733014894112439        3.3072544245709003E-012
 -0.38637141094869587        3.3242705597552764E-012
 -0.38541267295626735        3.3414183733941399E-012
 -0.38445393496383884        3.3586992276472871E-012
 -0.38349519697141027        3.3761145023373564E-012
 -0.38253645897898175        3.3936655952194081E-012
 -0.38157772098655324        3.4113539222656509E-012
 -0.38061898299412472        3.4291809179474277E-012
 -0.37966024500169621        3.4471480355296937E-012
 -0.37870150700926769        3.4652567473648298E-012
 -0.37774276901683912        3.4835085451941767E-012
 -0.37678403102441060        3.5019049404555352E-012
 -0.37582529303198209        3.5204474645991002E-012
 -0.37486655503955357        3.5391376694008957E-012
 -0.37390781704712506        3.5579771272906203E-012
 -0.37294907905469649        3.5769674316824961E-012
 -0.37199034106226797        3.5961101973122852E-012
 -0.37103160306983946        3.6154070605769793E-012
 -0.37007286507741094        3.6348596798912780E-012
 -0.36911412708498242        3.6544697360370298E-012
 -0.36815538909255385        3.6742389325304411E-012
 -0.36719665110012534        3.6941689959917752E-012
 -0.36623791310769682        3.7142616765191177E-012
 -0.36527917511526831        3.7345187480775521E-012
 -0.36432043712283979        3.7549420088863461E-012
 -0.36336169913041128        3.7755332818214278E-012
 -0.36240296113798270        3.7962944148196934E-012
 -0.36144422314555419        3.8172272812936383E-012
 -0.36048548515312567        3.8383337805562069E-012
 -0.35952674716069716        3.8596158382509048E-012
 -0.35856800916826864        3.8810754067875323E-012
 -0.35760927117584007        3.9027144657964805E-012
 -0.35665053318341156        3.9245350225787318E-012
 -0.35569179519098304        3.9465391125761202E-012
 -0.35473305719855452        3.9687287998431288E-012
 -0.35377431920612601        3.9911061775337028E-012
 -0.35281558121369749        4.0136733683910702E-012
 -0.35185684322126892        4.0364325252544374E-012
 -0.35089810522884041        4.0593858315722312E-012
 -0.34993936723641189        4.0825355019226411E-012
 -0.34898062924398338        4.1058837825520690E-012
 -0.34802189125155486        4.1294329519172918E-012
 -0.34706315325912629        4.1531853212418375E-012
 -0.34610441526669777        4.1771432350848454E-012
 -0.34514567727426926        4.2013090719162039E-012
 -0.34418693928184074        4.2256852447092995E-012
 -0.34322820128941223        4.2502742015443347E-012
 -0.34226946329698371        4.2750784262202896E-012
 -0.34131072530455514        4.3001004388836543E-012
 -0.34035198731212662        4.3253427966682306E-012
 -0.33939324931969811        4.3508080943494955E-012
 -0.33843451132726959        4.3764989650106604E-012
 -0.33747577333484108        4.4024180807220896E-012
 -0.33651703534241251        4.4285681532378573E-012
 -0.33555829734998399        4.4549519347059956E-012
 -0.33459955935755548        4.4815722183886442E-012
 -0.33364082136512696        4.5084318394060599E-012
 -0.33268208337269844        4.5355336754873668E-012
 -0.33172334538026993        4.5628806477465375E-012
 -0.33076460738784136        4.5904757214635084E-012
 -0.32980586939541284        4.6183219068916245E-012
 -0.32884713140298433        4.6464222600788565E-012
 -0.32788839341055581        4.6747798837043060E-012
 -0.32692965541812730        4.7033979279369168E-012
 -0.32597091742569873        4.7322795913088192E-012
 -0.32501217943327021        4.7614281216076454E-012
 -0.32405344144084169        4.7908468167950167E-012
 -0.32309470344841318        4.8205390259333742E-012
 -0.32213596545598466        4.8505081501419130E-012
 -0.32117722746355615        4.8807576435719994E-012
 -0.32021848947112758        4.9112910143986339E-012
 -0.31925975147869906        4.9421118258418660E-012
 -0.31830101348627055        4.9732236972035340E-012
 -0.31734227549384203        5.0046303049303935E-012
 -0.31638353750141351        5.0363353837001456E-012
 -0.31542479950898494        5.0683427275351758E-012
 -0.31446606151655643        5.1006561909308875E-012
 -0.31350732352412791        5.1332796900229739E-012
 -0.31254858553169940        5.1662172037682307E-012
 -0.31158984753927088        5.1994727751642380E-012
 -0.31063110954684231        5.2330505124826539E-012
 -0.30967237155441379        5.2669545905455854E-012
 -0.30871363356198528        5.3011892520164397E-012
 -0.30775489556955676        5.3357588087324015E-012
 -0.30679615757712825        5.3706676430594458E-012
 -0.30583741958469973        5.4059202092834207E-012
 -0.30487868159227116        5.4415210350280279E-012
 -0.30391994359984265        5.4774747227107684E-012
 -0.30296120560741413        5.5137859510302213E-012
 -0.30200246761498561        5.5504594764889443E-012
 -0.30104372962255710        5.5875001349493630E-012
 -0.30008499163012853        5.6249128432282582E-012
 -0.29912625363770001        5.6627026007317971E-012
 -0.29816751564527150        5.7008744911200751E-012
 -0.29720877765284298        5.7394336840214204E-012
 -0.29625003966041447        5.7783854367836194E-012
 -0.29529130166798595        5.8177350962598368E-012
 -0.29433256367555738        5.8574881006494463E-012
 -0.29337382568312886        5.8976499813764696E-012
 -0.29241508769070035        5.9382263650115790E-012
 -0.29145634969827183        5.9792229752431351E-012
 -0.29049761170584332        6.0206456348955739E-012
 -0.28953887371341475        6.0625002680024505E-012
 -0.28858013572098623        6.1047929019159881E-012
 -0.28762139772855772        6.1475296694827117E-012
 -0.28666265973612920        6.1907168112650378E-012
 -0.28570392174370068        6.2343606778208152E-012
 -0.28474518375127217        6.2784677320372470E-012
 -0.28378644575884360        6.3230445515228212E-012
 -0.28282770776641508        6.3680978310606177E-012
 -0.28186896977398657        6.4136343851229512E-012
 -0.28091023178155805        6.4596611504468482E-012
 -0.27995149378912954        6.5061851886765091E-012
 -0.27899275579670096        6.5532136890711724E-012
 -0.27803401780427245        6.6007539712843507E-012
 -0.27707527981184393        6.6488134882112095E-012
 -0.27611654181941542        6.6973998289091457E-012
 -0.27515780382698690        6.7465207215955756E-012
 -0.27419906583455839        6.7961840367201049E-012
 -0.27324032784212982        6.8463977901155987E-012
 -0.27228158984970130        6.8971701462362061E-012
 -0.27132285185727278        6.9485094214759964E-012
 -0.27036411386484427        7.0004240875709805E-012
 -0.26940537587241575        7.0529227750987340E-012
 -0.26844663787998718        7.1060142770623018E-012
 -0.26748789988755867        7.1597075525738793E-012
 -0.26652916189513015        7.2140117306347059E-012
 -0.26557042390270164        7.2689361140156999E-012
 -0.26461168591027312        7.3244901832411828E-012
 -0.26365294791784455        7.3806836006788762E-012
 -0.26269420992541603        7.4375262147455001E-012
 -0.26173547193298752        7.4950280642176683E-012
 -0.26077673394055900        7.5531993826692844E-012
 -0.25981799594813049        7.6120506030192444E-012
 -0.25885925795570197        7.6715923622153729E-012
 -0.25790051996327340        7.7318355060361374E-012
 -0.25694178197084488        7.7927910940334446E-012
 -0.25598304397841637        7.8544704046064117E-012
 -0.25502430598598785        7.9168849402229434E-012
 -0.25406556799355934        7.9800464327762309E-012
 -0.25310683000113077        8.0439668491039593E-012
 -0.25214809200870225        8.1086583966546322E-012
 -0.25118935401627374        8.1741335293154061E-012
 -0.25023061602384522        8.2404049534083799E-012
 -0.24927187803141668        8.3074856338539313E-012
 -0.24831314003898816        8.3753888005135516E-012
 -0.24735440204655965        8.4441279547126551E-012
 -0.24639566405413110        8.5137168759509096E-012
 -0.24543692606170259        8.5841696288119148E-012
 -0.24447818806927407        8.6555005700677889E-012
 -0.24351945007684553        8.7277243559934971E-012
 -0.24256071208441701        8.8008559498958118E-012
 -0.24160197409198850        8.8749106298672173E-012
 -0.24064323609955995        8.9499039967624619E-012
 -0.23968449810713144        9.0258519824147346E-012
 -0.23872576011470290        9.1027708581035699E-012
 -0.23776702212227438        9.1806772432647748E-012
 -0.23680828412984586        9.2595881144726188E-012
 -0.23584954613741732        9.3395208146831375E-012
 -0.23489080814498881        9.4204930627712358E-012
 -0.23393207015256029        9.5025229633460344E-012
 -0.23297333216013175        9.5856290168737070E-012
 -0.23201459416770323        9.6698301301091573E-012
 -0.23105585617527469        9.7551456268484146E-012
 -0.23009711818284617        9.8415952590209006E-012
 -0.22913838019041766        9.9291992181151048E-012
 -0.22817964219798911        1.0017978146980830E-011
 -0.22722090420556060        1.0107953151980597E-011
 -0.22626216621313208        1.0199145815535330E-011
 -0.22530342822070354        1.0291578209081487E-011
 -0.22434469022827502        1.0385272906406812E-011
 -0.22338595223584651        1.0480252997454810E-011
 -0.22242721424341796        1.0576542102531001E-011
 -0.22146847625098945        1.0674164387008567E-011
 -0.22050973825856091        1.0773144576478471E-011
 -0.21955100026613239        1.0873507972409576E-011
 -0.21859226227370387        1.0975280468329783E-011
 -0.21763352428127533        1.1078488566510291E-011
 -0.21667478628884682        1.1183159395233401E-011
 -0.21571604829641830        1.1289320726621017E-011
 -0.21475731030398976        1.1397000995049826E-011
 -0.21379857231156124        1.1506229316204265E-011
 -0.21283983431913273        1.1617035506748534E-011
 -0.21188109632670418        1.1729450104684901E-011
 -0.21092235833427567        1.1843504390394249E-011
 -0.20996362034184712        1.1959230408391957E-011
 -0.20900488234941861        1.2076660989851512E-011
 -0.20804614435699009        1.2195829775875667E-011
 -0.20708740636456155        1.2316771241608829E-011
 -0.20612866837213303        1.2439520721165268E-011
 -0.20516993037970452        1.2564114433436069E-011
 -0.20421119238727597        1.2690589508815805E-011
 -0.20325245439484746        1.2818984016866561E-011
 -0.20229371640241892        1.2949336994967068E-011
 -0.20133497840999040        1.3081688477987849E-011
 -0.20037624041756188        1.3216079529039999E-011
 -0.19941750242513334        1.3352552271319948E-011
 -0.19845876443270483        1.3491149921131450E-011
 -0.19750002644027631        1.3631916822091038E-011
 -0.19654128844784777        1.3774898480607176E-011
 -0.19558255045541925        1.3920141602660363E-011
 -0.19462381246299074        1.4067694131952119E-011
 -0.19366507447056219        1.4217605289468173E-011
 -0.19270633647813368        1.4369925614538027E-011
 -0.19174759848570513        1.4524707007430216E-011
 -0.19078886049327662        1.4682002773572992E-011
 -0.18983012250084810        1.4841867669449082E-011
 -0.18887138450841956        1.5004357950261137E-011
 -0.18791264651599104        1.5169531419425854E-011
 -0.18695390852356253        1.5337447479969054E-011
 -0.18599517053113399        1.5508167187891483E-011
 -0.18503643253870547        1.5681753307590444E-011
 -0.18407769454627693        1.5858270369950894E-011
 -0.18311895655384841        1.6037784732312574E-011
 -0.18216021856141990        1.6220364640373355E-011
 -0.18120148056899135        1.6406080293204605E-011
 -0.18024274257656284        1.6595003910819649E-011
 -0.17928400458413432        1.6787209804418032E-011
 -0.17832526659170578        1.6982774449455214E-011
 -0.17736652859927726        1.7181776561709519E-011
 -0.17640779060684875        1.7384297176499028E-011
 -0.17544905261442020        1.7590419731185482E-011
 -0.17449031462199169        1.7800230151112401E-011
 -0.17353157662956314        1.8013816939163578E-011
 -0.17257283863713463        1.8231271269099665E-011
 -0.17161410064470611        1.8452687082840854E-011
 -0.17065536265227757        1.8678161191924713E-011
 -0.16969662465984905        1.8907793383268258E-011
 -0.16873788666742054        1.9141686529472341E-011
 -0.16777914867499200        1.9379946703843055E-011
 -0.16682041068256348        1.9622683301051828E-011
 -0.16586167269013496        1.9870009168173225E-011
 -0.16490293469770642        2.0122040737456912E-011
 -0.16394419670527791        2.0378898134860621E-011
 -0.16298545871284936        2.0640705346759912E-011
 -0.16202672072042085        2.0907590377069798E-011
 -0.16106798272799233        2.1179685392874551E-011
 -0.16010924473556379        2.1457126889351618E-011
 -0.15915050674313527        2.1740055861770239E-011
 -0.15819176875070676        2.2028617982444136E-011
 -0.15723303075827821        2.2322963789028362E-011
 -0.15627429276584970        2.2623248880784643E-011
 -0.15531555477342116        2.2929634122497475E-011
 -0.15435681678099264        2.3242285863025430E-011
 -0.15339807878856412        2.3561376169928179E-011
 -0.15243934079613558        2.3887083047870141E-011
 -0.15148060280370707        2.4219590692201035E-011
 -0.15052186481127855        2.4559089754157439E-011
 -0.14956312681885001        2.4905777612452432E-011
 -0.14860438882642149        2.5259858659358052E-011
 -0.14764565083399298        2.5621544601499860E-011
 -0.14668691284156443        2.5991054775861742E-011
 -0.14572817484913592        2.6368616481757163E-011
 -0.14476943685670737        2.6754465329671195E-011
 -0.14381069886427886        2.7148845607976112E-011
 -0.14285196087185034        2.7552010668472972E-011
 -0.14189322287942180        2.7964223332006466E-011
 -0.14093448488699328        2.8385756315344854E-011
 -0.13997574689456477        2.8816892680954289E-011
 -0.13901700890213622        2.9257926311973064E-011
 -0.13805827090970771        2.9709162416655561E-011
 -0.13709953291727919        3.0170918072827687E-011
 -0.13614079492485065        3.0643522847513327E-011
 -0.13518205693242213        3.1127319661279715E-011
 -0.13422331893999359        3.1622667102894112E-011
 -0.13326458094756508        3.2129936467565694E-011
 -0.13230584295513656        3.2649474183241268E-011
 -0.13134710496270802        3.3181726546903067E-011
 -0.13038836697027950        3.3727100692709081E-011
 -0.12942962897785099        3.4286022179493543E-011
 -0.12847089098542244        3.4858935707210093E-011
 -0.12751215299299393        3.5446298005448070E-011
 -0.12655341500056538        3.6048575637400751E-011
 -0.12559467700813687        3.6666312730271103E-011
 -0.12463593901570834        3.7298923281468542E-011
 -0.12367720102327982        3.7956582163580241E-011
 -0.12271846303085129        3.8620392658596019E-011
 -0.12175972503842276        3.9304177128329993E-011
 -0.12080098704599425        4.0007454514959232E-011
 -0.11984224905356572        4.0731762832116917E-011
 -0.11888351106113719        4.1474945153924849E-011
 -0.11792477306870866        4.2238020615565435E-011
 -0.11696603507628014        4.3022554722221440E-011
 -0.11600729708385162        4.3828985312967553E-011
 -0.11504855909142309        4.4658441719737207E-011
 -0.11408982109899456        4.5511707475237179E-011
 -0.11313108310656604        4.6389657937130057E-011
 -0.11217234511413751        4.7293331507741538E-011
 -0.11121360712170898        4.8223575954489892E-011
 -0.11025486912928045        4.9181528697155906E-011
 -0.10929613113685194        5.0168328262747347E-011
 -0.10833739314442341        5.1185133798997627E-011
 -0.10737865515199488        5.2233169956043039E-011
 -0.10641991715956636        5.3313727692204111E-011
 -0.10546117916713783        5.4428167054131179E-011
 -0.10450244117470930        5.5577918938496722E-011
 -0.10354370318228077        5.6764515648325457E-011
 -0.10258496518985226        5.7989538592890147E-011
 -0.10162622719742373        5.9254610412795826E-011
 -0.10066748920499520        6.0561536130494957E-011
  -9.9708751212566671E-002   6.1912185261337863E-011
  -9.8750013220138155E-002   6.3308529102177688E-011
  -9.7791275227709626E-002   6.4752651705974647E-011
  -9.6832537235281096E-002   6.6246757613898812E-011
  -9.5873799242852567E-002   6.7793180159629347E-011
  -9.4915061250424052E-002   6.9394390525926403E-011
  -9.3956323257995522E-002   7.1053007593855645E-011
  -9.2997585265566993E-002   7.2771808644487403E-011
  -9.2038847273138463E-002   7.4553740985425787E-011
  -9.1080109280709948E-002   7.6401934590056011E-011
  -9.0121371288281418E-002   7.8319715849083248E-011
  -8.9162633295852889E-002   8.0310622546774271E-011
  -8.8203895303424373E-002   8.2378420187708422E-011
  -8.7245157310995844E-002   8.4527119814391614E-011
  -8.6286419318567315E-002   8.6760997473473575E-011
  -8.5327681326138785E-002   8.9084615506706415E-011
  -8.4368943333710270E-002   9.1502845865564819E-011
  -8.3410205341281740E-002   9.4020895671398433E-011
  -8.2451467348853211E-002   9.6644335273460589E-011
  -8.1492729356424681E-002   9.9379129086924667E-011
  -8.0533991363996166E-002   1.0223166953247925E-010
  -7.9575253371567636E-002   1.0520881444090131E-010
  -7.8616515379139107E-002   1.0831792833853407E-010
  -7.7657777386710578E-002   1.1156692809126468E-010
  -7.6699039394282062E-002   1.1496433346898177E-010
  -7.5740301401853533E-002   1.1851932331563762E-010
  -7.4781563409425003E-002   1.2224179824085395E-010
  -7.3822825416996488E-002   1.2614245127790168E-010
  -7.2864087424567958E-002   1.3023284900014890E-010
  -7.1905349432139429E-002   1.3452552004764498E-010
  -7.0946611439710899E-002   1.3903396006692413E-010
  -6.9987873447282384E-002   1.4377270764095277E-010
  -6.9029135454853854E-002   1.4875793999755908E-010
  -6.8070397462425325E-002   1.5400709861352251E-010
  -6.7111659469996796E-002   1.5953910617643012E-010
  -6.6152921477568280E-002   1.6537463727385241E-010
  -6.5194183485139751E-002   1.7153630269196831E-010
  -6.4235445492711221E-002   1.7804886280689018E-010
  -6.3276707500282692E-002   1.8493947476095470E-010
  -6.2317969507854169E-002   1.9223797536362265E-010
  -6.1359231515425647E-002   1.9997720437731180E-010
  -6.0400493522997124E-002   2.0819337447136060E-010
  -5.9441755530568595E-002   2.1692649555400674E-010
  -5.8483017538140072E-002   2.2622086275726786E-010
  -5.7524279545711543E-002   2.3612561920695586E-010
  -5.6565541553283021E-002   2.4669540695709060E-010
  -5.5606803560854491E-002   2.5799112222274203E-010
  -5.4648065568425969E-002   2.7008079445619522E-010
  -5.3689327575997439E-002   2.8304061303386136E-010
  -5.2730589583568917E-002   2.9695613057123486E-010
  -5.1771851591140387E-002   3.1192367846861964E-010
  -5.0813113598711865E-002   3.2805203856590633E-010
  -4.9854375606283335E-002   3.4546442526799554E-010
  -4.8895637613854813E-002   3.6430084583021286E-010
  -4.7936899621426284E-002   3.8472092356417160E-010
  -4.6978161628997761E-002   4.0690729070916558E-010
  -4.6019423636569232E-002   4.3106968622691558E-010
  -4.5060685644140709E-002   4.5744993100754575E-010
  -4.4101947651712187E-002   4.8632800195177639E-010
  -4.3143209659283657E-002   5.1802949132265024E-010
  -4.2184471666855135E-002   5.5293482455390755E-010
  -4.1225733674426605E-002   5.9149072672857020E-010
  -4.0266995681998083E-002   6.3422458722441643E-010
  -3.9308257689569553E-002   6.8176259094176445E-010
  -3.8349519697141031E-002   7.3485278863293372E-010
  -3.7390781704712502E-002   7.9439470604061477E-010
  -3.6432043712283979E-002   8.6147769894703248E-010
  -3.5473305719855450E-002   9.3743113613376676E-010
  -3.4514567727426927E-002   1.0238907701684919E-009
  -3.3555829734998398E-002   1.1228875509564006E-009
  -3.2597091742569875E-002   1.2369679934831664E-009
  -3.1638353750141346E-002   1.3693595944274964E-009
  -3.0679615757712823E-002   1.5242016508101377E-009
  -2.9720877765284297E-002   1.7068727977762895E-009
  -2.8762139772855772E-002   1.9244645242767232E-009
  -2.7803401780427246E-002   2.1864799763176864E-009
  -2.6844663787998720E-002   2.5058887664846032E-009
  -2.5885925795570194E-002   2.9007628825136838E-009
  -2.4927187803141668E-002   3.3968935740726327E-009
  -2.3968449810713142E-002   4.0321105587938504E-009
  -2.3009711818284616E-002   4.8637117290371651E-009
  -2.2050973825856093E-002   5.9818527088496526E-009
  -2.1092235833427567E-002   7.5350527710711096E-009
  -2.0133497840999041E-002   9.7821850928215866E-009
  -1.9174759848570515E-002   1.3207767857614425E-008
  -1.8216021856141990E-002   1.8806824088358855E-008
  -1.7257283863713464E-002   2.8898264563152975E-008
  -1.6298545871284938E-002   4.9977716767785300E-008
  -1.5339807878856412E-002   1.0653622490247197E-007
  -1.4381069886427886E-002   3.6538510125090427E-007
  -1.3422331893999360E-002   1.6667546635105428E-005
  -1.2463593901570834E-002   7.3748830324380748E-007
  -1.1504855909142308E-002   1.5095002908707481E-007
  -1.0546117916713784E-002   6.3026817732959007E-008
  -9.5873799242852577E-003   3.4387171652046043E-008
  -8.6286419318567318E-003   2.1613323043892242E-008
  -7.6699039394282058E-003   1.4830700738461415E-008
  -6.7111659469996799E-003   1.0803753235630645E-008
  -5.7524279545711540E-003   8.2192274551022795E-009
  -4.7936899621426289E-003   6.4622772509677874E-009
  -3.8349519697141029E-003   5.2138942437786702E-009
  -2.8762139772855770E-003   4.2951841409596543E-009
  -1.9174759848570515E-003   3.5995172115754538E-009
  -9.5873799242852573E-004   3.0601321240134636E-009
   0.0000000000000000        2.6334949168409304E-009
   9.5873799242852573E-004   2.2902264275724924E-009
   1.9174759848570515E-003   2.0099399660081946E-009
   2.8762139772855770E-003   1.7781279709621091E-009
   3.8349519697141029E-003   1.5842250199634578E-009
   4.7936899621426289E-003   1.4203936057841245E-009
   5.7524279545711540E-003   1.2807219929106882E-009
   6.7111659469996799E-003   1.1606830393287504E-009
   7.6699039394282058E-003   1.0567624441182242E-009
   8.6286419318567318E-003   9.6619847777351918E-010
   9.5873799242852577E-003   8.8679654447874365E-010
   1.0546117916713784E-002   8.1679495059684975E-010
   1.1504855909142308E-002   7.5476633073799303E-010
   1.2463593901570834E-002   6.9954430153023137E-010
   1.3422331893999360E-002   6.5016822469261885E-010
   1.4381069886427886E-002   6.0584114376574921E-010
   1.5339807878856412E-002   5.6589742233343273E-010
   1.6298545871284938E-002   5.2977760825172008E-010
   1.7257283863713464E-002   4.9700873702043887E-010
   1.8216021856141990E-002   4.6718876959764986E-010
   1.9174759848570515E-002   4.3997420176850773E-010
   2.0133497840999041E-002   4.1507012731558075E-010
   2.1092235833427567E-002   3.9222221493752621E-010
   2.2050973825856093E-002   3.7121018899298967E-010
   2.3009711818284616E-002   3.5184250034785449E-010
   2.3968449810713142E-002   3.3395194535596534E-010
   2.4927187803141668E-002   3.1739204497592846E-010
   2.5885925795570194E-002   3.0203403694779520E-010
   2.6844663787998720E-002   2.8776436520856031E-010
   2.7803401780427246E-002   2.7448257477395595E-010
   2.8762139772855772E-002   2.6209953893881829E-010
   2.9720877765284297E-002   2.5053596016530454E-010
   3.0679615757712823E-002   2.3972109741484073E-010
   3.1638353750141346E-002   2.2959168165846515E-010
   3.2597091742569875E-002   2.2009098842755659E-010
   3.3555829734998398E-002   2.1116804194058124E-010
   3.4514567727426927E-002   2.0277692989913437E-010
   3.5473305719855450E-002   1.9487621170821125E-010
   3.6432043712283979E-002   1.8742840584021822E-010
   3.7390781704712502E-002   1.8039954447356763E-010
   3.8349519697141031E-002   1.7375878549857931E-010
   3.9308257689569553E-002   1.6747807359397957E-010
   4.0266995681998083E-002   1.6153184339486319E-010
   4.1225733674426605E-002   1.5589675885039412E-010
   4.2184471666855135E-002   1.5055148374660081E-010
   4.3143209659283657E-002   1.4547647935747167E-010
   4.4101947651712187E-002   1.4065382944718889E-010
   4.5060685644140709E-002   1.3606708665131277E-010
   4.6019423636569232E-002   1.3170110263231040E-010
   4.6978161628997761E-002   1.2754193013355058E-010
   4.7936899621426284E-002   1.2357671264819984E-010
   4.8895637613854813E-002   1.1979357627351004E-010
   4.9854375606283335E-002   1.1618154145466604E-010
   5.0813113598711865E-002   1.1273044374088511E-010
   5.1771851591140387E-002   1.0943086235021223E-010
   5.2730589583568917E-002   1.0627405585624830E-010
   5.3689327575997439E-002   1.0325190424901015E-010
   5.4648065568425969E-002   1.0035685667276305E-010
   5.5606803560854491E-002   9.7581884218024107E-011
   5.6565541553283021E-002   9.4920437218551413E-011
   5.7524279545711543E-002   9.2366406569196221E-011
   5.8483017538140072E-002   8.9914088637502111E-011
   5.9441755530568595E-002   8.7558153393006091E-011
   6.0400493522997124E-002   8.5293615421213069E-011
   6.1359231515425647E-002   8.3115807527716644E-011
   6.2317969507854169E-002   8.1020356671239690E-011
   6.3276707500282692E-002   7.9003161993977881E-011
   6.4235445492711221E-002   7.7060374742364911E-011
   6.5194183485139751E-002   7.5188379895310532E-011
   6.6152921477568280E-002   7.3383779335447575E-011
   6.7111659469996796E-002   7.1643376417217592E-011
   6.8070397462425325E-002   6.9964161800827169E-011
   6.9029135454853854E-002   6.8343300434958564E-011
   6.9987873447282384E-002   6.6778119582537301E-011
   7.0946611439710899E-002   6.5266097795618541E-011
   7.1905349432139429E-002   6.3804854754027214E-011
   7.2864087424567958E-002   6.2392141891383779E-011
   7.3822825416996488E-002   6.1025833739648179E-011
   7.4781563409425003E-002   5.9703919931684290E-011
   7.5740301401853533E-002   5.8424497822004525E-011
   7.6699039394282062E-002   5.7185765793984229E-011
   7.7657777386710578E-002   5.5986016280273361E-011
   7.8616515379139107E-002   5.4823630331379675E-011
   7.9575253371567636E-002   5.3697072729933611E-011
   8.0533991363996166E-002   5.2604886001939610E-011
   8.1492729356424681E-002   5.1545686020776796E-011
   8.2451467348853211E-002   5.0518157662241186E-011
   8.3410205341281740E-002   4.9521050692036703E-011
   8.4368943333710270E-002   4.8553175957016885E-011
   8.5327681326138785E-002   4.7613401805234525E-011
   8.6286419318567315E-002   4.6700650996158074E-011
   8.7245157310995844E-002   4.5813897274858064E-011
   8.8203895303424373E-002   4.4952162582794622E-011
   8.9162633295852889E-002   4.4114514494246366E-011
   9.0121371288281418E-002   4.3300063670301078E-011
   9.1080109280709948E-002   4.2507961521348090E-011
   9.2038847273138463E-002   4.1737397724182492E-011
   9.2997585265566993E-002   4.0987598265625694E-011
   9.3956323257995522E-002   4.0257824186047282E-011
   9.4915061250424052E-002   3.9547367264951657E-011
   9.5873799242852567E-002   3.8855553791239926E-011
   9.6832537235281096E-002   3.8181736049536840E-011
   9.7791275227709626E-002   3.7525293656134573E-011
   9.8750013220138155E-002   3.6885637234974240E-011
   9.9708751212566671E-002   3.6262198008289579E-011
  0.10066748920499520        3.5654433235527253E-011
  0.10162622719742373        3.5061820537865466E-011
  0.10258496518985226        3.4483860742238862E-011
  0.10354370318228077        3.3920074792281942E-011
  0.10450244117470930        3.3370002987362637E-011
  0.10546117916713783        3.2833204068840387E-011
  0.10641991715956636        3.2309254375653527E-011
  0.10737865515199488        3.1797748853006660E-011
  0.10833739314442341        3.1298294416030556E-011
  0.10929613113685194        3.0810514932619471E-011
  0.11025486912928045        3.0334050330181050E-011
  0.11121360712170898        2.9868553398360297E-011
  0.11217234511413751        2.9413690058545849E-011
  0.11313108310656604        2.8969138864692631E-011
  0.11408982109899456        2.8534590433458041E-011
  0.11504855909142309        2.8109746901567446E-011
  0.11600729708385162        2.7694321413074052E-011
  0.11696603507628014        2.7288037633822910E-011
  0.11792477306870866        2.6890629291356262E-011
  0.11888351106113719        2.6501839738138546E-011
  0.11984224905356572        2.6121421536959208E-011
  0.12080098704599425        2.5749136067055807E-011
  0.12175972503842276        2.5384753149776347E-011
  0.12271846303085129        2.5028050692638344E-011
  0.12367720102327982        2.4678814350831638E-011
  0.12463593901570834        2.4336837205195641E-011
  0.12559467700813687        2.4001919455625063E-011
  0.12655341500056538        2.3673868129344553E-011
  0.12751215299299393        2.3352496802410138E-011
  0.12847089098542244        2.3037625331763633E-011
  0.12942962897785099        2.2729079606881419E-011
  0.13038836697027950        2.2426691315041720E-011
  0.13134710496270802        2.2130297700691170E-011
  0.13230584295513656        2.1839741349237146E-011
  0.13326458094756508        2.1554869979649476E-011
  0.13422331893999359        2.1275536244766955E-011
  0.13518205693242213        2.1001597539948749E-011
  0.13614079492485065        2.0732915821560390E-011
  0.13709953291727919        2.0469357434378536E-011
  0.13805827090970771        2.0210792943696510E-011
  0.13901700890213622        1.9957096975663890E-011
  0.13997574689456477        1.9708148065395664E-011
  0.14093448488699328        1.9463828514890711E-011
  0.14189322287942180        1.9224024251293217E-011
  0.14285196087185034        1.8988624692961502E-011
  0.14381069886427886        1.8757522622845219E-011
  0.14476943685670737        1.8530614066504483E-011
  0.14572817484913592        1.8307798175098547E-011
  0.14668691284156443        1.8088977113268232E-011
  0.14764565083399298        1.7874055951767264E-011
  0.14860438882642149        1.7662942564416169E-011
  0.14956312681885001        1.7455547529425812E-011
  0.15052186481127855        1.7251784034630192E-011
  0.15148060280370707        1.7051567786678701E-011
  0.15243934079613558        1.6854816923797786E-011
  0.15339807878856412        1.6661451932125532E-011
  0.15435681678099264        1.6471395565379425E-011
  0.15531555477342116        1.6284572767648075E-011
  0.15627429276584970        1.6100910599328168E-011
  0.15723303075827821        1.5920338165870534E-011
  0.15819176875070676        1.5742786549434186E-011
  0.15915050674313527        1.5568188743140534E-011
  0.16010924473556379        1.5396479587727438E-011
  0.16106798272799233        1.5227595710648742E-011
  0.16202672072042085        1.5061475467819662E-011
  0.16298545871284936        1.4898058887290821E-011
  0.16394419670527791        1.4737287615130520E-011
  0.16490293469770642        1.4579104863270027E-011
  0.16586167269013496        1.4423455359367693E-011
  0.16682041068256348        1.4270285298531156E-011
  0.16777914867499200        1.4119542296803694E-011
  0.16873788666742054        1.3971175346357313E-011
  0.16969662465984905        1.3825134772401387E-011
  0.17065536265227757        1.3681372191476428E-011
  0.17161410064470611        1.3539840471500703E-011
  0.17257283863713463        1.3400493693061288E-011
  0.17353157662956314        1.3263287112191741E-011
  0.17449031462199169        1.3128177124431188E-011
  0.17544905261442020        1.2995121230198939E-011
  0.17640779060684875        1.2864078001345317E-011
  0.17736652859927726        1.2735007048924035E-011
  0.17832526659170578        1.2607868992051463E-011
  0.17928400458413432        1.2482625427861036E-011
  0.18024274257656284        1.2359238902524106E-011
  0.18120148056899135        1.2237672883214477E-011
  0.18216021856141990        1.2117891731077793E-011
  0.18311895655384841        1.1999860675121229E-011
  0.18407769454627693        1.1883545786944643E-011
  0.18503643253870547        1.1768913956397925E-011
  0.18599517053113399        1.1655932867966862E-011
  0.18695390852356253        1.1544570978057336E-011
  0.18791264651599104        1.1434797492899561E-011
  0.18887138450841956        1.1326582347330867E-011
  0.18983012250084810        1.1219896184162266E-011
  0.19078886049327662        1.1114710334268847E-011
  0.19174759848570513        1.1010996797361521E-011
  0.19270633647813368        1.0908728223312441E-011
  0.19366507447056219        1.0807877894136793E-011
  0.19462381246299074        1.0708419706544585E-011
  0.19558255045541925        1.0610328155041790E-011
  0.19654128844784777        1.0513578315585283E-011
  0.19750002644027631        1.0418145829735135E-011
  0.19845876443270483        1.0324006889336494E-011
  0.19941750242513334        1.0231138221655872E-011
  0.20037624041756188        1.0139517075005419E-011
  0.20133497840999040        1.0049121204802470E-011
  0.20229371640241892        9.9599288600726378E-012
  0.20325245439484746        9.8719187703519743E-012
  0.20421119238727597        9.7850701330179062E-012
  0.20516993037970452        9.6993626009953049E-012
  0.20612866837213303        9.6147762708089697E-012
  0.20708740636456155        9.5312916710714059E-012
  0.20804614435699009        9.4488897512633253E-012
  0.20900488234941861        9.3675518708264944E-012
  0.20996362034184712        9.2872597886746817E-012
  0.21092235833427567        9.2079956529442745E-012
  0.21188109632670418        9.1297419910511657E-012
  0.21283983431913273        9.0524817000931564E-012
  0.21379857231156124        8.9761980374833196E-012
  0.21475731030398976        8.9008746118979386E-012
  0.21571604829641830        8.8264953744240809E-012
  0.21667478628884682        8.7530446100853433E-012
  0.21763352428127533        8.6805069294763335E-012
  0.21859226227370387        8.6088672607252823E-012
  0.21955100026613239        8.5381108416686711E-012
  0.22050973825856091        8.4682232122321896E-012
  0.22146847625098945        8.3991902070569856E-012
  0.22242721424341796        8.3309979483084249E-012
  0.22338595223584651        8.2636328387211735E-012
  0.22434469022827502        8.1970815547826066E-012
  0.22530342822070354        8.1313310401891642E-012
  0.22626216621313208        8.0663684994111072E-012
  0.22722090420556060        8.0021813914687990E-012
  0.22817964219798911        7.9387574239145804E-012
  0.22913838019041766        7.8760845468946358E-012
  0.23009711818284617        7.8141509474547155E-012
  0.23105585617527469        7.7529450439737513E-012
  0.23201459416770323        7.6924554807598827E-012
  0.23297333216013175        7.6326711227347613E-012
  0.23393207015256029        7.5735810503655851E-012
  0.23489080814498881        7.5151745546513319E-012
  0.23584954613741732        7.4574411322625210E-012
  0.23680828412984586        7.4003704808523204E-012
  0.23776702212227438        7.3439524944096867E-012
  0.23872576011470290        7.2881772588355339E-012
  0.23968449810713144        7.2330350475523706E-012
  0.24064323609955995        7.1785163172867204E-012
  0.24160197409198850        7.1246117039189798E-012
  0.24256071208441701        7.0713120184800809E-012
  0.24351945007684553        7.0186082432189736E-012
  0.24447818806927407        6.9664915278032717E-012
  0.24543692606170259        6.9149531855933830E-012
  0.24639566405413110        6.8639846900320946E-012
  0.24735440204655965        6.8135776710970169E-012
  0.24831314003898816        6.7637239118988683E-012
  0.24927187803141668        6.7144153452998399E-012
  0.25023061602384522        6.6656440506637985E-012
  0.25118935401627374        6.6174022506709729E-012
  0.25214809200870225        6.5696823082280492E-012
  0.25310683000113077        6.5224767234371307E-012
  0.25406556799355934        6.4757781306469478E-012
  0.25502430598598785        6.4295792955735321E-012
  0.25598304397841637        6.3838731125198484E-012
  0.25694178197084488        6.3386526016247194E-012
  0.25790051996327340        6.2939109062073522E-012
  0.25885925795570197        6.2496412901497830E-012
  0.25981799594813049        6.2058371353865181E-012
  0.26077673394055900        6.1624919394255915E-012
  0.26173547193298752        6.1195993129247256E-012
  0.26269420992541603        6.0771529773322966E-012
  0.26365294791784455        6.0351467626099120E-012
  0.26461168591027312        5.9935746049794905E-012
  0.26557042390270164        5.9524305447243877E-012
  0.26652916189513015        5.9117087240733329E-012
  0.26748789988755867        5.8714033851013856E-012
  0.26844663787998718        5.8315088677027494E-012
  0.26940537587241575        5.7920196075801009E-012
  0.27036411386484427        5.7529301343578420E-012
  0.27132285185727278        5.7142350696158831E-012
  0.27228158984970130        5.6759291251101902E-012
  0.27324032784212982        5.6380071009027029E-012
  0.27419906583455839        5.6004638836481466E-012
  0.27515780382698690        5.5632944448375625E-012
  0.27611654181941542        5.5264938391251264E-012
  0.27707527981184393        5.4900572026920716E-012
  0.27803401780427245        5.4539797516129016E-012
  0.27899275579670096        5.4182567803229655E-012
  0.27995149378912954        5.3828836600519762E-012
  0.28091023178155805        5.3478558373337058E-012
  0.28186896977398657        5.3131688325610934E-012
  0.28282770776641508        5.2788182385091185E-012
  0.28378644575884360        5.2447997189857986E-012
  0.28474518375127217        5.2111090074222070E-012
  0.28570392174370068        5.1777419055689163E-012
  0.28666265973612920        5.1446942821518698E-012
  0.28762139772855772        5.1119620716299983E-012
  0.28858013572098623        5.0795412729115203E-012
  0.28953887371341475        5.0474279481679489E-012
  0.29049761170584332        5.0156182216009482E-012
  0.29145634969827183        4.9841082782910415E-012
  0.29241508769070035        4.9528943630636731E-012
  0.29337382568312886        4.9219727793365483E-012
  0.29433256367555738        4.8913398880824874E-012
  0.29529130166798595        4.8609921066887269E-012
  0.29625003966041447        4.8309259079597861E-012
  0.29720877765284298        4.8011378190857699E-012
  0.29816751564527150        4.7716244206121016E-012
  0.29912625363770001        4.7423823454945919E-012
  0.30008499163012853        4.7134082781087213E-012
  0.30104372962255710        4.6846989533260127E-012
  0.30200246761498561        4.6562511555984916E-012
  0.30296120560741413        4.6280617180387971E-012
  0.30391994359984265        4.6001275215568428E-012
  0.30487868159227116        4.5724454939859282E-012
  0.30583741958469973        4.5450126092510496E-012
  0.30679615757712825        4.5178258865269957E-012
  0.30775489556955676        4.4908823894322217E-012
  0.30871363356198528        4.4641792252467620E-012
  0.30967237155441379        4.4377135441201810E-012
  0.31063110954684231        4.4114825383255092E-012
  0.31158984753927088        4.3854834415040029E-012
  0.31254858553169940        4.3597135279336108E-012
  0.31350732352412791        4.3341701118352860E-012
  0.31446606151655643        4.3088505466463429E-012
  0.31542479950898494        4.2837522243434358E-012
  0.31638353750141351        4.2588725747918795E-012
  0.31734227549384203        4.2342090650472032E-012
  0.31830101348627055        4.2097591987613721E-012
  0.31925975147869906        4.1855205154949391E-012
  0.32021848947112758        4.1614905901408830E-012
  0.32117722746355615        4.1376670323031312E-012
  0.32213596545598466        4.1140474856964934E-012
  0.32309470344841318        4.0906296275744596E-012
  0.32405344144084169        4.0674111681526476E-012
  0.32501217943327021        4.0443898500518335E-012
  0.32597091742569873        4.0215634477440794E-012
  0.32692965541812730        3.9989297670119234E-012
  0.32788839341055581        3.9764866444406135E-012
  0.32884713140298433        3.9542319468803014E-012
  0.32980586939541284        3.9321635709441660E-012
  0.33076460738784136        3.9102794425167739E-012
  0.33172334538026993        3.8885775162658752E-012
  0.33268208337269844        3.8670557751568875E-012
  0.33364082136512696        3.8457122299937975E-012
  0.33459955935755548        3.8245449189571146E-012
  0.33555829734998399        3.8035519071479756E-012
  0.33651703534241251        3.7827312861379921E-012
  0.33747577333484108        3.7620811735735403E-012
  0.33843451132726959        3.7415997127039602E-012
  0.33939324931969811        3.7212850719837139E-012
  0.34035198731212662        3.7011354446680474E-012
  0.34131072530455514        3.6811490484049871E-012
  0.34226946329698371        3.6613241248436422E-012
  0.34322820128941223        3.6416589392436239E-012
  0.34418693928184074        3.6221517801014826E-012
  0.34514567727426926        3.6028009587726071E-012
  0.34610441526669777        3.5836048091047630E-012
  0.34706315325912629        3.5645616870864704E-012
  0.34802189125155486        3.5456699704929232E-012
  0.34898062924398338        3.5269280585331365E-012
  0.34993936723641189        3.5083343715219781E-012
  0.35089810522884041        3.4898873505437851E-012
  0.35185684322126892        3.4715854571103052E-012
  0.35281558121369749        3.4534271728690371E-012
  0.35377431920612601        3.4354109992644110E-012
  0.35473305719855452        3.4175354572364347E-012
  0.35569179519098304        3.3997990869159620E-012
  0.35665053318341156        3.3822004473373994E-012
  0.35760927117584007        3.3647381161238368E-012
  0.35856800916826864        3.3474106892272539E-012
  0.35952674716069716        3.3302167806138006E-012
  0.36048548515312567        3.3131550220168437E-012
  0.36144422314555419        3.2962240626501920E-012
  0.36240296113798270        3.2794225689388559E-012
  0.36336169913041128        3.2627492242624638E-012
  0.36432043712283979        3.2462027286989009E-012
  0.36527917511526831        3.2297817987599620E-012
  0.36623791310769682        3.2134851671524760E-012
  0.36719665110012534        3.1973115825357341E-012
  0.36815538909255385        3.1812598092733260E-012
  0.36911412708498242        3.1653286271906124E-012
  0.37007286507741094        3.1495168313716756E-012
  0.37103160306983946        3.1338232318964006E-012
  0.37199034106226797        3.1182466536389731E-012
  0.37294907905469649        3.1027859360454320E-012
  0.37390781704712506        3.0874399329049555E-012
  0.37486655503955357        3.0722075121480808E-012
  0.37582529303198209        3.0570875556424983E-012
  0.37678403102441060        3.0420789589718312E-012
  0.37774276901683912        3.0271806312501064E-012
  0.37870150700926769        3.0123914949155432E-012
  0.37966024500169621        2.9977104855352381E-012
  0.38061898299412472        2.9831365516148688E-012
  0.38157772098655324        2.9686686544111585E-012
  0.38253645897898175        2.9543057677499394E-012
  0.38349519697141027        2.9400468778329728E-012
  0.38445393496383884        2.9258909830784510E-012
  0.38541267295626735        2.9118370939225552E-012
  0.38637141094869587        2.8978842326614015E-012
  0.38733014894112439        2.8840314332791823E-012
  0.38828888693355290        2.8702777412732361E-012
  0.38924762492598147        2.8566222134989103E-012
  0.39020636291840999        2.8430639180062720E-012
  0.39116510091083850        2.8296019338773676E-012
  0.39212383890326702        2.8162353510671994E-012
  0.39308257689569553        2.8029632702564490E-012
  0.39404131488812405        2.7897848027039082E-012
  0.39500005288055262        2.7766990700811252E-012
  0.39595879087298114        2.7637052043431035E-012
  0.39691752886540965        2.7508023475774260E-012
  0.39787626685783817        2.7379896518640934E-012
  0.39883500485026668        2.7252662791305931E-012
  0.39979374284269525        2.7126314010230584E-012
  0.40075248083512377        2.7000841987677193E-012
  0.40171121882755229        2.6876238630330888E-012
  0.40266995681998080        2.6752495938163630E-012
  0.40362869481240932        2.6629606002909948E-012
  0.40458743280483783        2.6507561006987892E-012
  0.40554617079726640        2.6386353222213875E-012
  0.40650490878969492        2.6265975008485580E-012
  0.40746364678212343        2.6146418812693619E-012
  0.40842238477455195        2.6027677167565064E-012
  0.40938112276698047        2.5909742690285673E-012
  0.41033986075940904        2.5792608081623975E-012
  0.41129859875183755        2.5676266124602599E-012
  0.41225733674426607        2.5560709683478593E-012
  0.41321607473669458        2.5445931702609663E-012
  0.41417481272912310        2.5331925205399228E-012
  0.41513355072155161        2.5218683293252405E-012
  0.41609228871398019        2.5106199144512989E-012
  0.41705102670640870        2.4994466013405983E-012
  0.41800976469883722        2.4883477229074648E-012
  0.41896850269126573        2.4773226194526175E-012
  0.41992724068369425        2.4663706385754767E-012
  0.42088597867612282        2.4554911350702247E-012
  0.42184471666855133        2.4446834708226107E-012
  0.42280345466097985        2.4339470147365631E-012
  0.42376219265340836        2.4232811426300279E-012
  0.42472093064583688        2.4126852371370599E-012
  0.42567966863826545        2.4021586876315399E-012
  0.42663840663069397        2.3917008901400314E-012
  0.42759714462312248        2.3813112472366493E-012
  0.42855588261555100        2.3709891679805293E-012
  0.42951462060797951        2.3607340678203349E-012
  0.43047335860040803        2.3505453685135336E-012
  0.43143209659283660        2.3404224980336350E-012
  0.43239083458526512        2.3303648905175377E-012
  0.43334957257769363        2.3203719861589129E-012
  0.43430831057012215        2.3104432311389309E-012
  0.43526704856255066        2.3005780775611406E-012
  0.43622578655497923        2.2907759833597237E-012
  0.43718452454740775        2.2810364122300561E-012
  0.43814326253983626        2.2713588335605906E-012
  0.43910200053226478        2.2617427223538815E-012
  0.44006073852469330        2.2521875591622593E-012
  0.44101947651712181        2.2426928300070042E-012
  0.44197821450955038        2.2332580263257526E-012
  0.44293695250197890        2.2238826448827121E-012
  0.44389569049440741        2.2145661877256298E-012
  0.44485442848683593        2.2053081620981301E-012
  0.44581316647926444        2.1961080803856879E-012
  0.44677190447169302        2.1869654600546200E-012
  0.44773064246412153        2.1778798235779884E-012
  0.44868938045655005        2.1688506983811009E-012
  0.44964811844897856        2.1598776167795806E-012
  0.45060685644140708        2.1509601159183251E-012
  0.45156559443383559        2.1420977377042965E-012
  0.45252433242626416        2.1332900287600017E-012
  0.45348307041869268        2.1245365403570719E-012
  0.45444180841112120        2.1158368283630649E-012
  0.45540054640354971        2.1071904531848476E-012
  0.45635928439597823        2.0985969797054810E-012
  0.45731802238840680        2.0900559772463291E-012
  0.45827676038083531        2.0815670194938548E-012
  0.45923549837326383        2.0731296844607230E-012
  0.46019423636569234        2.0647435544241185E-012
  0.46115297435812086        2.0564082158780852E-012
  0.46211171235054938        2.0481232594884323E-012
  0.46307045034297795        2.0398882800259820E-012
  0.46402918833540646        2.0317028763390054E-012
  0.46498792632783498        2.0235666512798703E-012
  0.46594666432026349        2.0154792116819795E-012
  0.46690540231269201        2.0074401682919335E-012
  0.46786414030512058        1.9994491357366063E-012
  0.46882287829754909        1.9915057324637357E-012
  0.46978161628997761        1.9836095807129621E-012
  0.47074035428240613        1.9757603064543431E-012
  0.47169909227483464        1.9679575393559706E-012
  0.47265783026726321        1.9602009127308882E-012
  0.47361656825969173        1.9524900635062870E-012
  0.47457530625212024        1.9448246321660107E-012
  0.47553404424454876        1.9372042627208842E-012
  0.47649278223697727        1.9296286026572944E-012
  0.47745152022940579        1.9220973029131352E-012
  0.47841025822183436        1.9146100178172439E-012
  0.47936899621426288        1.9071664050591511E-012
  0.48032773420669139        1.8997661256510528E-012
  0.48128647219911991        1.8924088438910863E-012
  0.48224521019154842        1.8850942273163263E-012
  0.48320394818397699        1.8778219466746157E-012
  0.48416268617640551        1.8705916758834638E-012
  0.48512142416883403        1.8634030919943781E-012
  0.48608016216126254        1.8562558751529756E-012
  0.48703890015369106        1.8491497085696169E-012
  0.48799763814611957        1.8420842784806534E-012
  0.48895637613854814        1.8350592741130104E-012
  0.48991511413097666        1.8280743876572350E-012
  0.49087385212340517        1.8211293142179604E-012
  0.49183259011583369        1.8142237517998017E-012
  0.49279132810826221        1.8073574012616629E-012
  0.49375006610069078        1.8005299662880417E-012
  0.49470880409311929        1.7937411533571711E-012
  0.49566754208554781        1.7869906717129501E-012
  0.49662628007797632        1.7802782333246226E-012
  0.49758501807040484        1.7736035528655173E-012
  0.49854375606283335        1.7669663476752818E-012
  0.49950249405526193        1.7603663377379318E-012
  0.50046123204769044        1.7538032456478754E-012
  0.50141997004011896        1.7472767965756958E-012
  0.50237870803254747        1.7407867182504548E-012
  0.50333744602497599        1.7343327409218629E-012
  0.50429618401740450        1.7279145973377526E-012
  0.50525492200983302        1.7215320227127224E-012
  0.50621366000226153        1.7151847547065633E-012
  0.50717239799469016        1.7088725333858494E-012
  0.50813113598711868        1.7025951012128613E-012
  0.50908987397954719        1.6963522030050288E-012
  0.51004861197197571        1.6901435859158732E-012
  0.51100734996440422        1.6839689994160068E-012
  0.51196608795683274        1.6778281952514200E-012
  0.51292482594926125        1.6717209274310943E-012
  0.51388356394168977        1.6656469522033783E-012
  0.51484230193411828        1.6596060280164294E-012
  0.51580103992654680        1.6535979155167688E-012
  0.51675977791897532        1.6476223775067922E-012
  0.51771851591140394        1.6416791789318104E-012
  0.51867725390383246        1.6357680868494290E-012
  0.51963599189626097        1.6298888704158095E-012
  0.52059472988868949        1.6240413008556010E-012
  0.52155346788111800        1.6182251514417294E-012
  0.52251220587354652        1.6124401974736826E-012
