  -0.0000000000000000        3.0983480932020277E-008
  -1.0000000000000000        3.1950981331365182E-002
  -2.0000000000000000        3.5564644683746253E-004
  -3.0000000000000000        6.0987753154077657E-003
  -4.0000000000000000        1.1477008590395427E-004
  -5.0000000000000000        1.3623574954620545E-002
  -6.0000000000000000        1.4536206678301335E-004
  -7.0000000000000000        7.1752084193729571E-003
  -8.0000000000000000        2.4938930006520942E-005
  -9.0000000000000000        1.4307334713026369E-002
  -10.000000000000000        1.8816321589085265E-004
  -11.000000000000000        5.4418905460423446E-003
  -12.000000000000000        1.8749210362225646E-004
  -13.000000000000000        2.7071767694958056E-003
  -14.000000000000000        1.3843482196673908E-004
  -15.000000000000000        7.5676755330435111E-004
  -16.000000000000000        4.0145195279137678E-005
  -17.000000000000000        9.5910920933404265E-005
  -18.000000000000000        6.2692618615900312E-006
  -19.000000000000000        1.0947018462427117E-005
  -20.000000000000000        1.3161101915374661E-006
  -21.000000000000000        2.3079724802782426E-006
  -22.000000000000000        4.5943589759326207E-007
  -23.000000000000000        8.7395679747553192E-007
  -24.000000000000000        2.1601515759463421E-007
  -25.000000000000000        4.4209793328678316E-007
  -26.000000000000000        1.3384892991836768E-007
  -27.000000000000000        3.5334070501879167E-007
  -28.000000000000000        6.2881935679183068E-008
  -29.000000000000000        2.5496377105526543E-007
  -30.000000000000000        5.7126746883758719E-008
  -31.000000000000000        2.5690657923343997E-007
  -32.000000000000000        2.6359347034405773E-008
  -33.000000000000000        2.1418185381868837E-007
  -34.000000000000000        4.0956670417417156E-008
  -35.000000000000000        2.1745816421938971E-007
  -36.000000000000000        1.9318620352934959E-008
  -37.000000000000000        2.4705194522733400E-007
  -38.000000000000000        3.7149134054234322E-008
  -39.000000000000000        2.1591128174937909E-007
  -40.000000000000000        1.4422672817852526E-008
  -41.000000000000000        2.3565015345935374E-007
  -42.000000000000000        4.4855716387495018E-008
  -43.000000000000000        2.1839942299544873E-007
  -44.000000000000000        1.3518530752216585E-008
  -45.000000000000000        2.1337652767336933E-007
  -46.000000000000000        4.8647866365680538E-008
  -47.000000000000000        2.1436117616177760E-007
  -48.000000000000000        1.3446388899500805E-008
  -49.000000000000000        2.2322658516043208E-007
  -50.000000000000000        4.1127941542402412E-008
  -51.000000000000000        2.2243300420645057E-007
  -52.000000000000000        1.2897737403261368E-008
  -53.000000000000000        2.5792693887773571E-007
  -54.000000000000000        4.0870318245733387E-008
  -55.000000000000000        2.3256549400043316E-007
  -56.000000000000000        1.2593258521734993E-008
  -57.000000000000000        2.3746928904953320E-007
  -58.000000000000000        4.6823909534790732E-008
  -59.000000000000000        2.3025034257279813E-007
  -60.000000000000000        1.2698058202106727E-008
  -61.000000000000000        2.2410015691719516E-007
  -62.000000000000000        4.5861498305419603E-008
  -63.000000000000000        2.3705458037009017E-007
  -64.000000000000000        1.3714733242466955E-008
  -65.000000000000000        2.3915303003980780E-007
  -66.000000000000000        4.4788620499007970E-008
  -67.000000000000000        2.3635368474864122E-007
  -68.000000000000000        1.4670940016002201E-008
  -69.000000000000000        2.3743124645493917E-007
  -70.000000000000000        4.5897730557599313E-008
  -71.000000000000000        2.4794653652016444E-007
  -72.000000000000000        1.4985167591147568E-008
  -73.000000000000000        2.4538894933309174E-007
  -74.000000000000000        4.6142143930554538E-008
  -75.000000000000000        2.6644083949311391E-007
  -76.000000000000000        1.7567661264023760E-008
  -77.000000000000000        2.8362361366057397E-007
  -78.000000000000000        4.8610599836572758E-008
  -79.000000000000000        2.7357518442419129E-007
  -80.000000000000000        1.7374574515970591E-008
  -81.000000000000000        3.1475016388094713E-007
  -82.000000000000000        4.4090652164430617E-008
  -83.000000000000000        2.9696729189728965E-007
  -84.000000000000000        1.6717063805945848E-008
  -85.000000000000000        2.5086580727866077E-007
  -86.000000000000000        4.1512219528438837E-008
  -87.000000000000000        2.9860643513310920E-007
  -88.000000000000000        1.5774176464924466E-008
  -89.000000000000000        2.8436773464428120E-007
  -90.000000000000000        3.8237019654119271E-008
  -91.000000000000000        2.9699171072880988E-007
  -92.000000000000000        1.7531071889965970E-008
  -93.000000000000000        2.8774580807681430E-007
  -94.000000000000000        4.0246644963729724E-008
  -95.000000000000000        3.0587203211097676E-007
  -96.000000000000000        1.7761123002584379E-008
  -97.000000000000000        2.7637932961217040E-007
  -98.000000000000000        3.5977339513577673E-008
  -99.000000000000000        2.9542102644705096E-007
  -100.00000000000000        1.7650710189255239E-008
  -101.00000000000000        2.7843840413259621E-007
  -102.00000000000000        4.1360577388209450E-008
  -103.00000000000000        2.8410489936937301E-007
  -104.00000000000000        1.9768895004727621E-008
  -105.00000000000000        2.7457341835272836E-007
  -106.00000000000000        4.1186591164205207E-008
  -107.00000000000000        2.8584331600760491E-007
  -108.00000000000000        1.9145347087338390E-008
  -109.00000000000000        2.6402256828692082E-007
  -110.00000000000000        3.7286127458701420E-008
  -111.00000000000000        2.7790434246300086E-007
  -112.00000000000000        1.8418088646924975E-008
  -113.00000000000000        2.4561225215022447E-007
  -114.00000000000000        3.3114331438598263E-008
  -115.00000000000000        2.6600342841700646E-007
  -116.00000000000000        1.8768611038561366E-008
  -117.00000000000000        2.6645762021374248E-007
  -118.00000000000000        3.5193083230282933E-008
  -119.00000000000000        2.7078052298356638E-007
  -120.00000000000000        1.9436161829901502E-008
  -121.00000000000000        2.7091443764487407E-007
  -122.00000000000000        3.3910167980408880E-008
  -123.00000000000000        2.5524124165671571E-007
  -124.00000000000000        1.8506123090061397E-008
  -125.00000000000000        2.9484905423195778E-007
  -126.00000000000000        3.5340040510039020E-008
  -127.00000000000000        2.4808261385068147E-007
  -128.00000000000000        1.6720130370554298E-008
  -129.00000000000000        3.0161410622914870E-007
  -130.00000000000000        3.2492863534513621E-008
  -131.00000000000000        2.6534581171556362E-007
  -132.00000000000000        1.6467450783940453E-008
  -133.00000000000000        2.8982381737655147E-007
  -134.00000000000000        3.0023990696810769E-008
  -135.00000000000000        2.5359595522855303E-007
  -136.00000000000000        1.5135579473545785E-008
  -137.00000000000000        3.0357448305641480E-007
  -138.00000000000000        3.2750628770415099E-008
  -139.00000000000000        2.7676871637918320E-007
  -140.00000000000000        1.4640304672471848E-008
  -141.00000000000000        2.8417668597529257E-007
  -142.00000000000000        3.2821137459245694E-008
  -143.00000000000000        2.7285645209353951E-007
  -144.00000000000000        1.6275816788437214E-008
  -145.00000000000000        3.0482771596882504E-007
  -146.00000000000000        3.5161183857442885E-008
  -147.00000000000000        2.9150828145994244E-007
  -148.00000000000000        1.4822507876138013E-008
  -149.00000000000000        3.3919437433495653E-007
  -150.00000000000000        3.1725900791012508E-008
  -151.00000000000000        3.0712853150009888E-007
  -152.00000000000000        1.4333252141939125E-008
  -153.00000000000000        3.5037671177966288E-007
  -154.00000000000000        3.2236483410720582E-008
  -155.00000000000000        3.2969968013523304E-007
  -156.00000000000000        1.4371908849063735E-008
  -157.00000000000000        3.4198312878334911E-007
  -158.00000000000000        3.1539188401404198E-008
  -159.00000000000000        3.3922473786528880E-007
  -160.00000000000000        1.3815561746544328E-008
  -161.00000000000000        3.4564471344413713E-007
  -162.00000000000000        3.3190920063995957E-008
  -163.00000000000000        3.5534095922427690E-007
  -164.00000000000000        1.2930793329784930E-008
  -165.00000000000000        3.9888868083321331E-007
  -166.00000000000000        2.8315724678041075E-008
  -167.00000000000000        3.6907190686482968E-007
  -168.00000000000000        1.4013495915282114E-008
  -169.00000000000000        3.7985248182542202E-007
  -170.00000000000000        3.2645251386684943E-008
  -171.00000000000000        3.6640897520023573E-007
  -172.00000000000000        1.3938753692736624E-008
  -173.00000000000000        3.9644334737309412E-007
  -174.00000000000000        3.4880992523081826E-008
  -175.00000000000000        3.7916770286388843E-007
  -176.00000000000000        1.5714417021698799E-008
  -177.00000000000000        3.9295954440340127E-007
  -178.00000000000000        3.1265738535738869E-008
  -179.00000000000000        3.7502236849099037E-007
  -180.00000000000000        1.3497330473736047E-008
  -181.00000000000000        3.7243793108981887E-007
  -182.00000000000000        3.0230967168564533E-008
  -183.00000000000000        3.5938556636675722E-007
  -184.00000000000000        1.4183094176340455E-008
  -185.00000000000000        3.6408831258826008E-007
  -186.00000000000000        3.3401098045206374E-008
  -187.00000000000000        3.7895970886745623E-007
  -188.00000000000000        1.3702011602742619E-008
  -189.00000000000000        3.6516539388200895E-007
  -190.00000000000000        3.2803273116083156E-008
  -191.00000000000000        3.4016886971338294E-007
  -192.00000000000000        1.4673305976256318E-008
  -193.00000000000000        3.2038957515058622E-007
  -194.00000000000000        3.2690114655881315E-008
  -195.00000000000000        3.2970847962608291E-007
  -196.00000000000000        1.5016672505139714E-008
  -197.00000000000000        3.0605772841661812E-007
  -198.00000000000000        3.4107256281848173E-008
  -199.00000000000000        3.1419995088809395E-007
  -200.00000000000000        1.5678588622688289E-008
  -201.00000000000000        3.0267429170360660E-007
  -202.00000000000000        3.4438115009794673E-008
  -203.00000000000000        3.0153117954709299E-007
  -204.00000000000000        1.4289440143883665E-008
  -205.00000000000000        2.8097983746023838E-007
  -206.00000000000000        3.4368037633311998E-008
  -207.00000000000000        2.9244538597122364E-007
  -208.00000000000000        1.2853446576539696E-008
  -209.00000000000000        2.7944217531433342E-007
  -210.00000000000000        3.7447263997891916E-008
  -211.00000000000000        2.8668161587974748E-007
  -212.00000000000000        1.4918912954137538E-008
  -213.00000000000000        2.7556461694428538E-007
  -214.00000000000000        3.3752424784417419E-008
  -215.00000000000000        2.8197622442837453E-007
  -216.00000000000000        1.5436189912400730E-008
  -217.00000000000000        2.4850792805071842E-007
  -218.00000000000000        3.1933530304708055E-008
  -219.00000000000000        2.8195088451977371E-007
  -220.00000000000000        1.4120390490453790E-008
  -221.00000000000000        2.4315342827977715E-007
  -222.00000000000000        3.0439718246113618E-008
  -223.00000000000000        2.4113705306736988E-007
  -224.00000000000000        1.3676044443859810E-008
  -225.00000000000000        2.2928645034138699E-007
  -226.00000000000000        2.9782455273817483E-008
  -227.00000000000000        2.4529348727839754E-007
  -228.00000000000000        1.2917760987204234E-008
  -229.00000000000000        2.5482860840680768E-007
  -230.00000000000000        2.8315858477464003E-008
  -231.00000000000000        2.2749955420600063E-007
  -232.00000000000000        1.3050636050695617E-008
  -233.00000000000000        2.4685586244440293E-007
  -234.00000000000000        2.7262829916929917E-008
  -235.00000000000000        2.3342364200837640E-007
  -236.00000000000000        1.6194365910571036E-008
  -237.00000000000000        2.6413438901326693E-007
  -238.00000000000000        2.5701715212418138E-008
  -239.00000000000000        2.3518763436882549E-007
  -240.00000000000000        1.3454652234317678E-008
  -241.00000000000000        2.5168273473472840E-007
  -242.00000000000000        2.1913217099325239E-008
  -243.00000000000000        2.3221366501654591E-007
  -244.00000000000000        1.3364830322132946E-008
  -245.00000000000000        2.5560458945489461E-007
  -246.00000000000000        2.3112788546472331E-008
  -247.00000000000000        2.3750329038464920E-007
  -248.00000000000000        1.4371512781737121E-008
  -249.00000000000000        2.4512904483246498E-007
  -250.00000000000000        2.3036728895267125E-008
  -251.00000000000000        2.1973607290414838E-007
  -252.00000000000000        1.4835688425877816E-008
  -253.00000000000000        2.5571037007584145E-007
  -254.00000000000000        2.2057044006081681E-008
  -255.00000000000000        2.3379303157294165E-007
  -256.00000000000000        1.5623342004755246E-008
  -257.00000000000000        2.4024302827094748E-007
  -258.00000000000000        2.0362562692347570E-008
  -259.00000000000000        2.4409192814874467E-007
  -260.00000000000000        1.6082286273366937E-008
  -261.00000000000000        2.3822080134727686E-007
  -262.00000000000000        2.0331174559830460E-008
  -263.00000000000000        2.6784918626254053E-007
  -264.00000000000000        1.6324726231259123E-008
  -265.00000000000000        2.5583880514388861E-007
  -266.00000000000000        2.1794443878673054E-008
  -267.00000000000000        2.5315841026135347E-007
  -268.00000000000000        1.7903298808338683E-008
  -269.00000000000000        2.7448693600965874E-007
  -270.00000000000000        2.1628006980941761E-008
  -271.00000000000000        2.6195667818724025E-007
  -272.00000000000000        1.8662983195433372E-008
  -273.00000000000000        2.7069212156790712E-007
  -274.00000000000000        2.3314771899439349E-008
  -275.00000000000000        2.5254374367939362E-007
  -276.00000000000000        1.7772295879121010E-008
  -277.00000000000000        2.5656594566170180E-007
  -278.00000000000000        2.4379842747551889E-008
  -279.00000000000000        2.6268575066716092E-007
  -280.00000000000000        2.0626039838331164E-008
  -281.00000000000000        2.7179674906229228E-007
  -282.00000000000000        2.3479197737223389E-008
  -283.00000000000000        2.6210629354288063E-007
  -284.00000000000000        2.2747892670268730E-008
  -285.00000000000000        2.6873877063380156E-007
  -286.00000000000000        2.3362192064385005E-008
  -287.00000000000000        2.6756064517626661E-007
  -288.00000000000000        2.0502169908503106E-008
  -289.00000000000000        2.5442345668754195E-007
  -290.00000000000000        2.4753993438321315E-008
  -291.00000000000000        2.6184774349967072E-007
  -292.00000000000000        2.1652221481374421E-008
  -293.00000000000000        2.5531312107564837E-007
  -294.00000000000000        2.5844045811525410E-008
  -295.00000000000000        2.5328646892410745E-007
  -296.00000000000000        2.1977016243985853E-008
  -297.00000000000000        2.6577910278924059E-007
  -298.00000000000000        2.9478318613900357E-008
  -299.00000000000000        2.7183301364818899E-007
  -300.00000000000000        2.5404196497991544E-008
  -301.00000000000000        2.3380743351835849E-007
  -302.00000000000000        2.6150703664296255E-008
  -303.00000000000000        2.4939081100448585E-007
  -304.00000000000000        2.1045542608242056E-008
  -305.00000000000000        2.2954314042716241E-007
  -306.00000000000000        2.6690466837609070E-008
  -307.00000000000000        2.3937622418726218E-007
  -308.00000000000000        2.5544178707141566E-008
  -309.00000000000000        2.3815953511191745E-007
  -310.00000000000000        2.7539834385808996E-008
  -311.00000000000000        2.4925626430355479E-007
  -312.00000000000000        1.9286257738258522E-008
  -313.00000000000000        2.4323750332501559E-007
  -314.00000000000000        2.6573052362482452E-008
  -315.00000000000000        2.4664939976316715E-007
  -316.00000000000000        3.0133599787408708E-008
  -317.00000000000000        2.4662819717947972E-007
  -318.00000000000000        3.4371413617607165E-008
  -319.00000000000000        2.7418675024757085E-007
  -320.00000000000000        2.3650484376936288E-008
  -321.00000000000000        2.4203484900588494E-007
  -322.00000000000000        2.9001611032637869E-008
  -323.00000000000000        2.4444232518007211E-007
  -324.00000000000000        3.0370431230747612E-008
  -325.00000000000000        2.3712497256886598E-007
  -326.00000000000000        3.1379768250088098E-008
  -327.00000000000000        2.5937421597538884E-007
  -328.00000000000000        2.1639129818502665E-008
  -329.00000000000000        2.3173243505473563E-007
  -330.00000000000000        2.7129470582360557E-008
  -331.00000000000000        2.5818886946815573E-007
  -332.00000000000000        2.5217280589010419E-008
  -333.00000000000000        2.5026509158137119E-007
  -334.00000000000000        3.1072489515070110E-008
  -335.00000000000000        2.6894559388661970E-007
  -336.00000000000000        2.3469075971946058E-008
  -337.00000000000000        2.4696685947833648E-007
  -338.00000000000000        2.8136126399247115E-008
  -339.00000000000000        2.4845212823204697E-007
  -340.00000000000000        2.8330834211506229E-008
  -341.00000000000000        2.4042474194464859E-007
  -342.00000000000000        3.5737891778819293E-008
  -343.00000000000000        2.6075551916867482E-007
  -344.00000000000000        2.7627528830261453E-008
  -345.00000000000000        2.3703801207351814E-007
  -346.00000000000000        3.2528996074815335E-008
  -347.00000000000000        2.7292713341830433E-007
  -348.00000000000000        2.5303112948059875E-008
  -349.00000000000000        2.4244354657808722E-007
  -350.00000000000000        2.9482981373497667E-008
  -351.00000000000000        2.8815608183213536E-007
  -352.00000000000000        2.5274279072049355E-008
  -353.00000000000000        2.4519821129105129E-007
  -354.00000000000000        3.1438543333013377E-008
  -355.00000000000000        2.6884655305556871E-007
  -356.00000000000000        2.6737590973685081E-008
  -357.00000000000000        2.5862116382185342E-007
  -358.00000000000000        3.3186567386367080E-008
  -359.00000000000000        2.7194448593782387E-007
  -360.00000000000000        2.6519899678484905E-008
  -361.00000000000000        2.3194238611762865E-007
  -362.00000000000000        3.2723812705944068E-008
  -363.00000000000000        2.4449620204342662E-007
  -364.00000000000000        2.9544078812541052E-008
  -365.00000000000000        2.5001592946571736E-007
  -366.00000000000000        3.5703880633193625E-008
  -367.00000000000000        2.5416015034908992E-007
  -368.00000000000000        2.6990510030418335E-008
  -369.00000000000000        2.2657082267681634E-007
  -370.00000000000000        3.0690020544469495E-008
  -371.00000000000000        2.4888852801488084E-007
  -372.00000000000000        2.4561411481710707E-008
  -373.00000000000000        2.2050544835234825E-007
  -374.00000000000000        3.0291959634388794E-008
  -375.00000000000000        2.4138366594801745E-007
  -376.00000000000000        2.5790570291381261E-008
  -377.00000000000000        2.2769898120403840E-007
  -378.00000000000000        3.2099748908185830E-008
  -379.00000000000000        2.3767677770303266E-007
  -380.00000000000000        2.6455973583879018E-008
  -381.00000000000000        2.2413287519479003E-007
  -382.00000000000000        3.0338053807060586E-008
  -383.00000000000000        2.5377516904019572E-007
  -384.00000000000000        2.3174702150614318E-008
  -385.00000000000000        2.3059537294857889E-007
  -386.00000000000000        2.6172928283204337E-008
  -387.00000000000000        2.4745306845652727E-007
  -388.00000000000000        1.9623928926202980E-008
  -389.00000000000000        2.4159929044061305E-007
  -390.00000000000000        2.9845455086101140E-008
  -391.00000000000000        2.6216627061299435E-007
  -392.00000000000000        2.2792556179696070E-008
  -393.00000000000000        2.4075330126742470E-007
  -394.00000000000000        2.8702680318788390E-008
  -395.00000000000000        2.5673931110134643E-007
  -396.00000000000000        2.2779676528950356E-008
  -397.00000000000000        2.2912724498080464E-007
  -398.00000000000000        2.9671387230336911E-008
  -399.00000000000000        2.4455343681359624E-007
  -400.00000000000000        2.2089006779218042E-008
  -401.00000000000000        2.2731444222129922E-007
  -402.00000000000000        2.8051802906031272E-008
  -403.00000000000000        2.3183516017226287E-007
  -404.00000000000000        2.2246424886146486E-008
  -405.00000000000000        2.2579711408041729E-007
  -406.00000000000000        2.5974606713586979E-008
  -407.00000000000000        2.3403177194273026E-007
  -408.00000000000000        1.9491974855836113E-008
  -409.00000000000000        2.2399888126674032E-007
  -410.00000000000000        2.5817101301814496E-008
  -411.00000000000000        2.3663862083464724E-007
  -412.00000000000000        1.8545736670401082E-008
  -413.00000000000000        2.2535289137454963E-007
  -414.00000000000000        2.3599624036708163E-008
  -415.00000000000000        2.2604986575980354E-007
  -416.00000000000000        1.6916615219309957E-008
  -417.00000000000000        2.1862382990074495E-007
  -418.00000000000000        2.4730278459153198E-008
  -419.00000000000000        2.1044455340800280E-007
  -420.00000000000000        1.7629311997853975E-008
  -421.00000000000000        2.0391889824180857E-007
  -422.00000000000000        2.2994108427997091E-008
  -423.00000000000000        2.1973665866454664E-007
  -424.00000000000000        1.7046885663792354E-008
  -425.00000000000000        2.0961183998749606E-007
  -426.00000000000000        2.2615406605712666E-008
  -427.00000000000000        2.1476576209315305E-007
  -428.00000000000000        1.5281304841091591E-008
  -429.00000000000000        2.0449064313608453E-007
  -430.00000000000000        2.1852911871213725E-008
  -431.00000000000000        1.8999696150416030E-007
  -432.00000000000000        1.4928042824981427E-008
  -433.00000000000000        1.9912821410002084E-007
  -434.00000000000000        2.0941610188579790E-008
  -435.00000000000000        1.9579517594673289E-007
  -436.00000000000000        1.4431584088425925E-008
  -437.00000000000000        1.8223492930468918E-007
  -438.00000000000000        1.9451277721668229E-008
  -439.00000000000000        1.8894294776711745E-007
  -440.00000000000000        1.3260984157086371E-008
  -441.00000000000000        1.8348788304005911E-007
  -442.00000000000000        1.7731792347216781E-008
  -443.00000000000000        1.8478705419356223E-007
  -444.00000000000000        1.2229885366210110E-008
  -445.00000000000000        1.9145090514013436E-007
  -446.00000000000000        2.0469297275162724E-008
  -447.00000000000000        1.8607833934883635E-007
  -448.00000000000000        1.3320552213054522E-008
  -449.00000000000000        1.8429379834369768E-007
  -450.00000000000000        1.8375902417064621E-008
  -451.00000000000000        1.9908713421074640E-007
  -452.00000000000000        1.1506257393771590E-008
  -453.00000000000000        2.0204513183845150E-007
  -454.00000000000000        1.6189494758434375E-008
  -455.00000000000000        1.8286715042267323E-007
  -456.00000000000000        1.0723878100620351E-008
  -457.00000000000000        1.9334820430863553E-007
  -458.00000000000000        1.5948714481377550E-008
  -459.00000000000000        1.7594774659910914E-007
  -460.00000000000000        1.0759648923865505E-008
  -461.00000000000000        1.9948972663327212E-007
  -462.00000000000000        1.8126399555501790E-008
  -463.00000000000000        1.9390185251410975E-007
  -464.00000000000000        1.0764674836562167E-008
  -465.00000000000000        1.9163481411111071E-007
  -466.00000000000000        1.7455608109174757E-008
  -467.00000000000000        1.8632984058867811E-007
  -468.00000000000000        1.0449737787992805E-008
  -469.00000000000000        1.9594034079750805E-007
  -470.00000000000000        1.4473814324441079E-008
  -471.00000000000000        1.7444226609481801E-007
  -472.00000000000000        1.0337034378230623E-008
  -473.00000000000000        1.7379132177846362E-007
  -474.00000000000000        1.5259219433304751E-008
  -475.00000000000000        1.7657498529192064E-007
  -476.00000000000000        9.0233708451512301E-009
  -477.00000000000000        1.7361935356626145E-007
  -478.00000000000000        1.6231115992991096E-008
  -479.00000000000000        1.6612641715322005E-007
  -480.00000000000000        9.1105251167476352E-009
  -481.00000000000000        1.9050904219266878E-007
  -482.00000000000000        1.3890983604087561E-008
  -483.00000000000000        1.7404849625887637E-007
  -484.00000000000000        8.6595672884604008E-009
  -485.00000000000000        1.8954620166998123E-007
  -486.00000000000000        1.5486737356413839E-008
  -487.00000000000000        1.8686839169954383E-007
  -488.00000000000000        8.8905260280562486E-009
  -489.00000000000000        1.7914218785331006E-007
  -490.00000000000000        1.4222382494474215E-008
  -491.00000000000000        1.9361085021914819E-007
  -492.00000000000000        9.3706588829430085E-009
  -493.00000000000000        1.9506705682013751E-007
  -494.00000000000000        1.5171500782937572E-008
  -495.00000000000000        1.7404057761538414E-007
  -496.00000000000000        9.1139790163027436E-009
  -497.00000000000000        1.8957405636402013E-007
  -498.00000000000000        1.3771075217954232E-008
  -499.00000000000000        1.7237722005934407E-007
  -500.00000000000000        7.7957175008548747E-009
  -501.00000000000000        1.8622465129520747E-007
  -502.00000000000000        1.4576314438213438E-008
  -503.00000000000000        2.0681590358184933E-007
  -504.00000000000000        8.7645255238127170E-009
  -505.00000000000000        1.8036644072399119E-007
  -506.00000000000000        1.2606218424016510E-008
  -507.00000000000000        1.3721389347207034E-007
  -508.00000000000000        7.4713921195446868E-009
  -509.00000000000000        2.1244773721219276E-007
  -510.00000000000000        1.4684296991034156E-008
  -511.00000000000000        2.1217766989079541E-007
   512.00000000000000        8.1946531461369882E-009
   511.00000000000000        1.7575401757882940E-007
   510.00000000000000        1.3304355718729351E-008
   509.00000000000000        1.9673462363152688E-007
   508.00000000000000        8.3388255868951381E-009
   507.00000000000000        1.6085580539472058E-007
   506.00000000000000        1.2566939503718938E-008
   505.00000000000000        1.7170522309765430E-007
   504.00000000000000        8.3728995462430252E-009
   503.00000000000000        1.7528421897615973E-007
   502.00000000000000        1.3528220529527047E-008
   501.00000000000000        1.8218432580949329E-007
   500.00000000000000        7.9006420738512450E-009
   499.00000000000000        1.8299954006078016E-007
   498.00000000000000        1.3817387903594211E-008
   497.00000000000000        1.8392972909988255E-007
   496.00000000000000        8.5903598206799273E-009
   495.00000000000000        1.8705836288731553E-007
   494.00000000000000        1.5689894889873594E-008
   493.00000000000000        1.8487458605339855E-007
   492.00000000000000        9.1380062070479601E-009
   491.00000000000000        2.0132191709708654E-007
   490.00000000000000        1.5119049064761979E-008
   489.00000000000000        1.7350670138948342E-007
   488.00000000000000        9.3212105429360956E-009
   487.00000000000000        1.9517866914461875E-007
   486.00000000000000        1.5472556909559338E-008
   485.00000000000000        1.8832911805304067E-007
   484.00000000000000        8.9176224177947159E-009
   483.00000000000000        1.8653653554564624E-007
   482.00000000000000        1.3865186483117186E-008
   481.00000000000000        1.7707940344518906E-007
   480.00000000000000        9.2389937759370651E-009
   479.00000000000000        1.6968513392963201E-007
   478.00000000000000        1.6633120388467560E-008
   477.00000000000000        1.7709277878540023E-007
   476.00000000000000        9.7500823691323900E-009
   475.00000000000000        1.8868522362694280E-007
   474.00000000000000        1.5838359330406259E-008
   473.00000000000000        1.7194904656412594E-007
   472.00000000000000        1.1322618345016184E-008
   471.00000000000000        1.7878401268143333E-007
   470.00000000000000        1.4548117420683572E-008
   469.00000000000000        1.8565995704489583E-007
   468.00000000000000        1.0491469336521740E-008
   467.00000000000000        1.8036326784774628E-007
   466.00000000000000        1.6916421299055202E-008
   465.00000000000000        1.7803112804344207E-007
   464.00000000000000        1.0978209687963609E-008
   463.00000000000000        2.0168696702356370E-007
   462.00000000000000        1.9078420193319695E-008
   461.00000000000000        1.9311006213528747E-007
   460.00000000000000        1.1438169197795678E-008
   459.00000000000000        1.8735784684878342E-007
   458.00000000000000        1.6949409728274127E-008
   457.00000000000000        1.9014511374947707E-007
   456.00000000000000        1.1734653834882899E-008
   455.00000000000000        1.9085013353591531E-007
   454.00000000000000        1.7224977919530183E-008
   453.00000000000000        2.0417212295714684E-007
   452.00000000000000        1.1892675397504706E-008
   451.00000000000000        2.0210780743386577E-007
   450.00000000000000        1.8759414778141867E-008
   449.00000000000000        1.7820019776611348E-007
   448.00000000000000        1.3770232692861294E-008
   447.00000000000000        1.7978332902499056E-007
   446.00000000000000        2.1094317993773433E-008
   445.00000000000000        1.8960201523772703E-007
   444.00000000000000        1.3414020431409565E-008
   443.00000000000000        1.8977352744141758E-007
   442.00000000000000        1.8826529793501003E-008
   441.00000000000000        1.9120909168331015E-007
   440.00000000000000        1.3891712890078815E-008
   439.00000000000000        1.9274104675226746E-007
   438.00000000000000        2.0643197085532710E-008
   437.00000000000000        1.8696177539633085E-007
   436.00000000000000        1.5445921003470002E-008
   435.00000000000000        1.9197327324611138E-007
   434.00000000000000        2.1717379845382669E-008
   433.00000000000000        1.8604262406106168E-007
   432.00000000000000        1.6094724098940454E-008
   431.00000000000000        1.7397564698544200E-007
   430.00000000000000        2.2450916333405056E-008
   429.00000000000000        1.9553239252028406E-007
   428.00000000000000        1.5448055796595948E-008
   427.00000000000000        2.1122250237967249E-007
   426.00000000000000        2.2348021259697869E-008
   425.00000000000000        2.0659818887899156E-007
   424.00000000000000        1.7390335625181188E-008
   423.00000000000000        2.0853758239423087E-007
   422.00000000000000        2.4269627961796345E-008
   421.00000000000000        2.2446226963917113E-007
   420.00000000000000        1.8824053450434295E-008
   419.00000000000000        2.3058644618606585E-007
   418.00000000000000        2.7188186502962501E-008
   417.00000000000000        2.3523736269727029E-007
   416.00000000000000        1.8361219072936209E-008
   415.00000000000000        2.3156301308901714E-007
   414.00000000000000        2.5527128306048726E-008
   413.00000000000000        2.2517263090171499E-007
   412.00000000000000        1.9784646930885309E-008
   411.00000000000000        2.3578496717676908E-007
   410.00000000000000        2.7024901029016272E-008
   409.00000000000000        2.2994168885937055E-007
   408.00000000000000        2.0891985387665163E-008
   407.00000000000000        2.2391916015197969E-007
   406.00000000000000        2.6806346288532992E-008
   405.00000000000000        2.3280388149328823E-007
   404.00000000000000        2.2382583220987669E-008
   403.00000000000000        2.2882372117401562E-007
   402.00000000000000        2.8376344069710252E-008
   401.00000000000000        2.3134530309843513E-007
   400.00000000000000        2.2535849630207619E-008
   399.00000000000000        2.3866934310654066E-007
   398.00000000000000        3.0071274378848932E-008
   397.00000000000000        2.3690085479402018E-007
   396.00000000000000        2.2413485087198206E-008
   395.00000000000000        2.4965778590417425E-007
   394.00000000000000        3.0088207717522630E-008
   393.00000000000000        2.5439595828392068E-007
   392.00000000000000        2.2612422715242495E-008
   391.00000000000000        2.5118644928802826E-007
   390.00000000000000        2.8895441680593531E-008
   389.00000000000000        2.6783883496867313E-007
   388.00000000000000        1.9307999362181544E-008
   387.00000000000000        2.4268794325869224E-007
   386.00000000000000        2.6018009864059108E-008
   385.00000000000000        2.4448900625367957E-007
   384.00000000000000        2.2710292133075259E-008
   383.00000000000000        2.4083120362361836E-007
   382.00000000000000        3.1200621138988588E-008
   381.00000000000000        2.3711650677453172E-007
   380.00000000000000        2.5695941378123288E-008
   379.00000000000000        2.2680186273492467E-007
   378.00000000000000        3.0708511459328703E-008
   377.00000000000000        2.4641114742932937E-007
   376.00000000000000        2.4290104670603738E-008
   375.00000000000000        2.3946194170717913E-007
   374.00000000000000        3.0357839643744919E-008
   373.00000000000000        2.4029669410835947E-007
   372.00000000000000        2.3616926931359658E-008
   371.00000000000000        2.3260065230251640E-007
   370.00000000000000        2.8729648510977466E-008
   369.00000000000000        2.3553177413291225E-007
   368.00000000000000        2.4455659798906197E-008
   367.00000000000000        2.4775205418883214E-007
   366.00000000000000        3.3124239939633010E-008
   365.00000000000000        2.7057120992853733E-007
   364.00000000000000        2.7179215894317387E-008
   363.00000000000000        2.3228292441813668E-007
   362.00000000000000        3.0427365267682514E-008
   361.00000000000000        2.4543336461215153E-007
   360.00000000000000        2.4875563720061776E-008
   359.00000000000000        2.5199862959222281E-007
   358.00000000000000        3.0830912113716362E-008
   357.00000000000000        2.7800864261164682E-007
   356.00000000000000        2.5253162904315734E-008
   355.00000000000000        2.6094131748551004E-007
   354.00000000000000        3.0371963288694266E-008
   353.00000000000000        2.5205657672034563E-007
   352.00000000000000        2.3204923147907656E-008
   351.00000000000000        2.5241830664079125E-007
   350.00000000000000        2.7713476152046250E-008
   349.00000000000000        2.5361012859654857E-007
   348.00000000000000        2.4096084053654150E-008
   347.00000000000000        2.4617296194283479E-007
   346.00000000000000        3.0915004412307843E-008
   345.00000000000000        2.4857817399572186E-007
   344.00000000000000        2.5000915588314869E-008
   343.00000000000000        2.4463527985634689E-007
   342.00000000000000        3.4620445034954278E-008
   341.00000000000000        2.6420375227802798E-007
   340.00000000000000        2.7567012441670509E-008
   339.00000000000000        2.5059287234852654E-007
   338.00000000000000        2.7596652295985820E-008
   337.00000000000000        2.6074140120941983E-007
   336.00000000000000        2.2028127242716730E-008
   335.00000000000000        2.5830066599434368E-007
   334.00000000000000        2.9707832325474329E-008
   333.00000000000000        2.5979961972452629E-007
   332.00000000000000        2.4358503314890706E-008
   331.00000000000000        2.3426261848263043E-007
   330.00000000000000        2.7209614543559412E-008
   329.00000000000000        2.5881420024448835E-007
   328.00000000000000        2.2404700435208557E-008
   327.00000000000000        2.5438502435819366E-007
   326.00000000000000        3.2094395568314598E-008
   325.00000000000000        2.6665099120781150E-007
   324.00000000000000        2.9511556273267993E-008
   323.00000000000000        2.3283881730234956E-007
   322.00000000000000        2.7913135592967896E-008
   321.00000000000000        2.5249941246647698E-007
   320.00000000000000        2.2532808752144822E-008
   319.00000000000000        2.6171930223940910E-007
   318.00000000000000        3.5615795822247787E-008
   317.00000000000000        2.6161190517661976E-007
   316.00000000000000        3.1213741881862172E-008
   315.00000000000000        2.4933279994136760E-007
   314.00000000000000        2.7585889180199868E-008
   313.00000000000000        2.5479824582647749E-007
   312.00000000000000        1.9920106801340655E-008
   311.00000000000000        2.3382583788126799E-007
   310.00000000000000        2.6911802831187948E-008
   309.00000000000000        2.3771810047590830E-007
   308.00000000000000        2.4681723107770593E-008
   307.00000000000000        2.2625937878611800E-007
   306.00000000000000        2.8382427101847469E-008
   305.00000000000000        2.4060694398092912E-007
   304.00000000000000        2.2575680577330004E-008
   303.00000000000000        2.4229079777533882E-007
   302.00000000000000        2.7367211437934239E-008
   301.00000000000000        2.4825296097252279E-007
   300.00000000000000        2.6350083148712523E-008
   299.00000000000000        2.7523134391216169E-007
   298.00000000000000        3.0243170270954030E-008
   297.00000000000000        2.6546672112802662E-007
   296.00000000000000        2.3383965469852513E-008
   295.00000000000000        2.4561075626624387E-007
   294.00000000000000        2.7443342136868526E-008
   293.00000000000000        2.6346437068355075E-007
   292.00000000000000        2.3876287041279380E-008
   291.00000000000000        2.6186109072901047E-007
   290.00000000000000        2.7383092928515354E-008
   289.00000000000000        2.6479417871296186E-007
   288.00000000000000        2.1306991084233678E-008
   287.00000000000000        2.6564040660844259E-007
   286.00000000000000        2.5490840578301972E-008
   285.00000000000000        2.7738280863193336E-007
   284.00000000000000        2.3872821355707976E-008
   283.00000000000000        2.7199066414801299E-007
   282.00000000000000        2.4473653525683354E-008
   281.00000000000000        2.6013994693840791E-007
   280.00000000000000        2.0353136715022641E-008
   279.00000000000000        2.6392839208035288E-007
   278.00000000000000        2.5034638446395872E-008
   277.00000000000000        2.4617032511699410E-007
   276.00000000000000        1.9170904063152949E-008
   275.00000000000000        2.6404620950820738E-007
   274.00000000000000        2.4063254448475702E-008
   273.00000000000000        2.6391505620437762E-007
   272.00000000000000        1.9463962622735929E-008
   271.00000000000000        2.7841485722365429E-007
   270.00000000000000        2.2844518223547379E-008
   269.00000000000000        2.7158763470914716E-007
   268.00000000000000        1.9196415541318443E-008
   267.00000000000000        2.6150466513375083E-007
   266.00000000000000        2.4564450131039784E-008
   265.00000000000000        2.4523591673068535E-007
   264.00000000000000        1.8311700976121482E-008
   263.00000000000000        2.6893920289030298E-007
   262.00000000000000        2.2047961111465920E-008
   261.00000000000000        2.3667117265030103E-007
   260.00000000000000        1.8259260400089139E-008
   259.00000000000000        2.5358971765627093E-007
   258.00000000000000        2.2941925281581287E-008
   257.00000000000000        2.4554473658918123E-007
   256.00000000000000        1.6773355125932178E-008
   255.00000000000000        2.4283274790282290E-007
   254.00000000000000        2.2298179438016192E-008
   253.00000000000000        2.4360350784791879E-007
   252.00000000000000        1.5985730649446923E-008
   251.00000000000000        2.2502561003623520E-007
   250.00000000000000        2.3455425599533199E-008
   249.00000000000000        2.3914824714359126E-007
   248.00000000000000        1.5534855989634077E-008
   247.00000000000000        2.4587107339917687E-007
   246.00000000000000        2.4020128637380342E-008
   245.00000000000000        2.5285457273334890E-007
   244.00000000000000        1.3600610129927898E-008
   243.00000000000000        2.4815530845465626E-007
   242.00000000000000        2.3028758690590263E-008
   241.00000000000000        2.4305985480105717E-007
   240.00000000000000        1.5181141159473514E-008
   239.00000000000000        2.4762500917656402E-007
   238.00000000000000        2.6858986582609902E-008
   237.00000000000000        2.5680853310148339E-007
   236.00000000000000        1.6995632835205853E-008
   235.00000000000000        2.3612533478246212E-007
   234.00000000000000        2.8297966431740163E-008
   233.00000000000000        2.4119764729023362E-007
   232.00000000000000        1.4919040333821619E-008
   231.00000000000000        2.4229618474340976E-007
   230.00000000000000        2.9094630298179031E-008
   229.00000000000000        2.4552707827832501E-007
   228.00000000000000        1.4872514943718239E-008
   227.00000000000000        2.4147089237110039E-007
   226.00000000000000        3.1446152657103859E-008
   225.00000000000000        2.3586128728490856E-007
   224.00000000000000        1.6255294717160165E-008
   223.00000000000000        2.4247378239817821E-007
   222.00000000000000        3.0442150092991642E-008
   221.00000000000000        2.4694246960191376E-007
   220.00000000000000        1.5025076497950683E-008
   219.00000000000000        2.6715822091995589E-007
   218.00000000000000        3.0763913942255894E-008
   217.00000000000000        2.5575219066147699E-007
   216.00000000000000        1.5706210159015453E-008
   215.00000000000000        2.6090651317729244E-007
   214.00000000000000        3.2871262945665435E-008
   213.00000000000000        2.9389251646662861E-007
   212.00000000000000        1.6713551382929827E-008
   211.00000000000000        2.7990564908761652E-007
   210.00000000000000        3.7045414079836533E-008
   209.00000000000000        2.9288046228043037E-007
   208.00000000000000        1.4641317368967395E-008
   207.00000000000000        2.8773031372078535E-007
   206.00000000000000        3.4467400590181835E-008
   205.00000000000000        2.9323980142069026E-007
   204.00000000000000        1.6177256191834389E-008
   203.00000000000000        2.9124846506891106E-007
   202.00000000000000        3.2914262929892883E-008
   201.00000000000000        3.0869036382663590E-007
   200.00000000000000        1.6438030902514728E-008
   199.00000000000000        3.0302807964353641E-007
   198.00000000000000        3.3133876017828771E-008
   197.00000000000000        3.3514296585316401E-007
   196.00000000000000        1.5277575094716769E-008
   195.00000000000000        3.1220437494978237E-007
   194.00000000000000        3.3396378343609329E-008
   193.00000000000000        3.3973056677263950E-007
   192.00000000000000        1.5262040377507316E-008
   191.00000000000000        3.3994660560403073E-007
   190.00000000000000        3.3800283373800112E-008
   189.00000000000000        3.6488223177243985E-007
   188.00000000000000        1.3538346580987214E-008
   187.00000000000000        3.7650342385996962E-007
   186.00000000000000        3.4736224154191872E-008
   185.00000000000000        3.6051913631302838E-007
   184.00000000000000        1.3998076206669844E-008
   183.00000000000000        3.7016773074293494E-007
   182.00000000000000        3.0479086921531744E-008
   181.00000000000000        3.7479362266585455E-007
   180.00000000000000        1.4295337010987658E-008
   179.00000000000000        3.7856361744023057E-007
   178.00000000000000        3.2334104297448752E-008
   177.00000000000000        3.7160273822598421E-007
   176.00000000000000        1.4959307663490387E-008
   175.00000000000000        3.8367906340352395E-007
   174.00000000000000        3.5796995298283514E-008
   173.00000000000000        3.9854148647289464E-007
   172.00000000000000        1.3477102185076163E-008
   171.00000000000000        3.8935648035336391E-007
   170.00000000000000        3.5115289190391245E-008
   169.00000000000000        3.7304583016100194E-007
   168.00000000000000        1.3045036587816758E-008
   167.00000000000000        3.8921494883426311E-007
   166.00000000000000        2.9181968549081633E-008
   165.00000000000000        3.7346247707322292E-007
   164.00000000000000        1.1801023950620545E-008
   163.00000000000000        3.8549559062031976E-007
   162.00000000000000        3.3704624408094534E-008
   161.00000000000000        3.1864399200566927E-007
   160.00000000000000        1.2221206450311961E-008
   159.00000000000000        3.6472010780457454E-007
   158.00000000000000        3.3230019337870070E-008
   157.00000000000000        3.1113590890363852E-007
   156.00000000000000        1.2680401216587771E-008
   155.00000000000000        3.7233167089185764E-007
   154.00000000000000        3.4206569946875667E-008
   153.00000000000000        3.2461883558456593E-007
   152.00000000000000        1.3847337126488833E-008
   151.00000000000000        3.3899952176382426E-007
   150.00000000000000        3.2237361602237215E-008
   149.00000000000000        3.0131332312557113E-007
   148.00000000000000        1.3111378339321503E-008
   147.00000000000000        3.2249825599691316E-007
   146.00000000000000        3.6540863386952280E-008
   145.00000000000000        2.7443395779245942E-007
   144.00000000000000        1.5316669092390368E-008
   143.00000000000000        3.1894524403869187E-007
   142.00000000000000        3.3691510633452072E-008
   141.00000000000000        2.5101399640387067E-007
   140.00000000000000        1.3690502301244083E-008
   139.00000000000000        3.0238767433124920E-007
   138.00000000000000        3.2597315946447677E-008
   137.00000000000000        2.6923986318003683E-007
   136.00000000000000        1.4470729738740945E-008
   135.00000000000000        2.7670191901051428E-007
   134.00000000000000        3.0772752963468956E-008
   133.00000000000000        2.6800910558979620E-007
   132.00000000000000        1.5939713505083758E-008
   131.00000000000000        2.9931797815556854E-007
   130.00000000000000        3.2708331641161418E-008
   129.00000000000000        2.8140505004216214E-007
   128.00000000000000        1.6626168662065641E-008
   127.00000000000000        2.7818008736155556E-007
   126.00000000000000        3.5819376605991834E-008
   125.00000000000000        2.7981326087137110E-007
   124.00000000000000        1.8382922113981175E-008
   123.00000000000000        2.6781634350184086E-007
   122.00000000000000        3.3011058422347385E-008
   121.00000000000000        2.6636942412604136E-007
   120.00000000000000        2.0051737015137047E-008
   119.00000000000000        2.9202575765368790E-007
   118.00000000000000        3.4600842055832676E-008
   117.00000000000000        2.5312958704784003E-007
   116.00000000000000        1.9129410197045100E-008
   115.00000000000000        2.5796241550789444E-007
   114.00000000000000        3.1950673771557684E-008
   113.00000000000000        2.4551235744782220E-007
   112.00000000000000        1.8636712992580952E-008
   111.00000000000000        2.7195871641534044E-007
   110.00000000000000        3.6698865402980011E-008
   109.00000000000000        2.6964235662709067E-007
   108.00000000000000        1.9107120576661796E-008
   107.00000000000000        2.7542768672343178E-007
   106.00000000000000        3.9968979219856747E-008
   105.00000000000000        2.8862906527638665E-007
   104.00000000000000        2.0118501180378356E-008
   103.00000000000000        2.7604428706867935E-007
   102.00000000000000        4.0890677759675738E-008
   101.00000000000000        2.9952342229922699E-007
   100.00000000000000        1.9590019129724987E-008
   99.000000000000000        2.9016991515041380E-007
   98.000000000000000        3.4612701090255352E-008
   97.000000000000000        2.9415689798500975E-007
   96.000000000000000        1.9688658015835323E-008
   95.000000000000000        2.9024401369284578E-007
   94.000000000000000        3.8717612601223190E-008
   93.000000000000000        3.1225011479627788E-007
   92.000000000000000        1.8575981324048486E-008
   91.000000000000000        2.8586775123436459E-007
   90.000000000000000        3.7710127488679455E-008
   89.000000000000000        3.0201831986098669E-007
   88.000000000000000        1.5778375586953987E-008
   87.000000000000000        2.8426520276228307E-007
   86.000000000000000        4.1314673373743833E-008
   85.000000000000000        2.6393720671789038E-007
   84.000000000000000        1.6237945897015305E-008
   83.000000000000000        2.8489763843751917E-007
   82.000000000000000        4.6082882211229958E-008
   81.000000000000000        3.1684270432790682E-007
   80.000000000000000        1.5513798883918040E-008
   79.000000000000000        2.6419884752114353E-007
   78.000000000000000        4.9447619324858524E-008
   77.000000000000000        2.8781679359172780E-007
   76.000000000000000        1.7762195625035826E-008
   75.000000000000000        2.5183192045888775E-007
   74.000000000000000        4.6794300072311585E-008
   73.000000000000000        2.6356180080754907E-007
   72.000000000000000        1.5485294970991061E-008
   71.000000000000000        2.4982046471824237E-007
   70.000000000000000        4.6146056717958301E-008
   69.000000000000000        2.4917785063120386E-007
   68.000000000000000        1.5060268086872136E-008
   67.000000000000000        2.3180882033991524E-007
   66.000000000000000        4.4241849543050850E-008
   65.000000000000000        2.4962795221872463E-007
   64.000000000000000        1.3705349528348444E-008
   63.000000000000000        2.3559254664423278E-007
   62.000000000000000        4.5855681989634019E-008
   61.000000000000000        2.2985432620692460E-007
   60.000000000000000        1.0774041901870936E-008
   59.000000000000000        2.2995979544101977E-007
   58.000000000000000        4.7356223397595623E-008
   57.000000000000000        2.3323564491619143E-007
   56.000000000000000        1.2010415786202581E-008
   55.000000000000000        2.2778979812802849E-007
   54.000000000000000        4.0831351332197461E-008
   53.000000000000000        2.3987173768181191E-007
   52.000000000000000        1.2014167234506216E-008
   51.000000000000000        2.4330066485809037E-007
   50.000000000000000        4.1185555702904749E-008
   49.000000000000000        2.1221737617378126E-007
   48.000000000000000        1.1945145275523410E-008
   47.000000000000000        2.2452985988729748E-007
   46.000000000000000        4.7724580743300869E-008
   45.000000000000000        2.0311428514806928E-007
   44.000000000000000        1.3647342303260703E-008
   43.000000000000000        2.1431061279564511E-007
   42.000000000000000        4.2787530346240382E-008
   41.000000000000000        2.4534449573718257E-007
   40.000000000000000        1.4567143070488489E-008
   39.000000000000000        2.2857887831888928E-007
   38.000000000000000        3.7389354032494618E-008
   37.000000000000000        2.3445232550238128E-007
   36.000000000000000        1.7473406487252339E-008
   35.000000000000000        2.3892270751603444E-007
   34.000000000000000        4.3166098771688826E-008
   33.000000000000000        2.1140710882142905E-007
   32.000000000000000        2.7452352302131666E-008
   31.000000000000000        2.5741627332169318E-007
   30.000000000000000        5.9531832248281853E-008
   29.000000000000000        2.7294834474643280E-007
   28.000000000000000        6.6100416896255650E-008
   27.000000000000000        3.4824997836614888E-007
   26.000000000000000        1.2699776399005496E-007
   25.000000000000000        4.5557424176175417E-007
   24.000000000000000        2.0986686913641144E-007
   23.000000000000000        8.7241436599149941E-007
   22.000000000000000        4.7173139813964618E-007
   21.000000000000000        2.2745184204351631E-006
   20.000000000000000        1.3379401258354099E-006
   19.000000000000000        1.1013226321775881E-005
   18.000000000000000        6.3174078524697619E-006
   17.000000000000000        9.5662790762470146E-005
   16.000000000000000        4.0091609607964788E-005
   15.000000000000000        7.5692252496275842E-004
   14.000000000000000        1.3847291951296959E-004
   13.000000000000000        2.7063660120791285E-003
   12.000000000000000        1.8719511446960093E-004
   11.000000000000000        5.4432939847618893E-003
   10.000000000000000        1.8881706139691788E-004
   9.0000000000000000        1.4305532744643327E-002
   8.0000000000000000        2.5152680890071683E-005
   7.0000000000000000        7.1799670368441161E-003
   6.0000000000000000        1.4558304038045280E-004
   5.0000000000000000        1.3629454016653938E-002
   4.0000000000000000        1.1544408465091936E-004
   3.0000000000000000        6.1102011886170439E-003
   2.0000000000000000        3.5638905954552675E-004
   1.0000000000000000        3.1957430245172620E-002
