  -0.0000000000000000        3.0983345492043822E-008
  -1.0000000000000000        3.1951001848699020E-002
  -2.0000000000000000        3.5564638717880881E-004
  -3.0000000000000000        6.0987882928514462E-003
  -4.0000000000000000        1.1477019697677783E-004
  -5.0000000000000000        1.3623573069509100E-002
  -6.0000000000000000        1.4536180387635144E-004
  -7.0000000000000000        7.1752020950672079E-003
  -8.0000000000000000        2.4939121877954174E-005
  -9.0000000000000000        1.4307361694656734E-002
  -10.000000000000000        1.8816348959990777E-004
  -11.000000000000000        5.4418973237691931E-003
  -12.000000000000000        1.8749221632385495E-004
  -13.000000000000000        2.7071797360319226E-003
  -14.000000000000000        1.3843495443591813E-004
  -15.000000000000000        7.5676857619757631E-004
  -16.000000000000000        4.0145246423406436E-005
  -17.000000000000000        9.5911065458248519E-005
  -18.000000000000000        6.2692700283286534E-006
  -19.000000000000000        1.0947032945874036E-005
  -20.000000000000000        1.3161116320013394E-006
  -21.000000000000000        2.3079750938167582E-006
  -22.000000000000000        4.5943637686114772E-007
  -23.000000000000000        8.7395749447277926E-007
  -24.000000000000000        2.1601537120670485E-007
  -25.000000000000000        4.4209829232176507E-007
  -26.000000000000000        1.3384903332594623E-007
  -27.000000000000000        3.5334078136095037E-007
  -28.000000000000000        6.2881983350982380E-008
  -29.000000000000000        2.5496390638781285E-007
  -30.000000000000000        5.7126778962315496E-008
  -31.000000000000000        2.5690660817815863E-007
  -32.000000000000000        2.6359365304704170E-008
  -33.000000000000000        2.1418192279571036E-007
  -34.000000000000000        4.0956685688871544E-008
  -35.000000000000000        2.1745815870145771E-007
  -36.000000000000000        1.9318628922831834E-008
  -37.000000000000000        2.4705204768988530E-007
  -38.000000000000000        3.7149152078991195E-008
  -39.000000000000000        2.1591121632869306E-007
  -40.000000000000000        1.4422679111274582E-008
  -41.000000000000000        2.3565027569369512E-007
  -42.000000000000000        4.4855731684331429E-008
  -43.000000000000000        2.1839940353405592E-007
  -44.000000000000000        1.3518530821249780E-008
  -45.000000000000000        2.1337658328493944E-007
  -46.000000000000000        4.8647882446203969E-008
  -47.000000000000000        2.1436115577196225E-007
  -48.000000000000000        1.3446384905697352E-008
  -49.000000000000000        2.2322662522861772E-007
  -50.000000000000000        4.1127953714139239E-008
  -51.000000000000000        2.2243301498662545E-007
  -52.000000000000000        1.2897737696292844E-008
  -53.000000000000000        2.5792705819077866E-007
  -54.000000000000000        4.0870333396745440E-008
  -55.000000000000000        2.3256547543700674E-007
  -56.000000000000000        1.2593261138979809E-008
  -57.000000000000000        2.3746943141651667E-007
  -58.000000000000000        4.6823928450783106E-008
  -59.000000000000000        2.3025035128678724E-007
  -60.000000000000000        1.2698061477284679E-008
  -61.000000000000000        2.2410026598495091E-007
  -62.000000000000000        4.5861518383946280E-008
  -63.000000000000000        2.3705458262786862E-007
  -64.000000000000000        1.3714732123726068E-008
  -65.000000000000000        2.3915311200405414E-007
  -66.000000000000000        4.4788636778469046E-008
  -67.000000000000000        2.3635368522863184E-007
  -68.000000000000000        1.4670938022145105E-008
  -69.000000000000000        2.3743129269420322E-007
  -70.000000000000000        4.5897743665846650E-008
  -71.000000000000000        2.4794647307485946E-007
  -72.000000000000000        1.4985167871305482E-008
  -73.000000000000000        2.4538899234770618E-007
  -74.000000000000000        4.6142160666094324E-008
  -75.000000000000000        2.6644081256534158E-007
  -76.000000000000000        1.7567659680173749E-008
  -77.000000000000000        2.8362372748047638E-007
  -78.000000000000000        4.8610611875037322E-008
  -79.000000000000000        2.7357519542327272E-007
  -80.000000000000000        1.7374579723047547E-008
  -81.000000000000000        3.1475025143221168E-007
  -82.000000000000000        4.4090666052599502E-008
  -83.000000000000000        2.9696728216199741E-007
  -84.000000000000000        1.6717072709847723E-008
  -85.000000000000000        2.5086587056432736E-007
  -86.000000000000000        4.1512228628735915E-008
  -87.000000000000000        2.9860643161549133E-007
  -88.000000000000000        1.5774179302354261E-008
  -89.000000000000000        2.8436782115987952E-007
  -90.000000000000000        3.8237024566783753E-008
  -91.000000000000000        2.9699167460896655E-007
  -92.000000000000000        1.7531075847860350E-008
  -93.000000000000000        2.8774588630022799E-007
  -94.000000000000000        4.0246648678956659E-008
  -95.000000000000000        3.0587201280692717E-007
  -96.000000000000000        1.7761129279980524E-008
  -97.000000000000000        2.7637938479579770E-007
  -98.000000000000000        3.5977344534216112E-008
  -99.000000000000000        2.9542098395476511E-007
  -100.00000000000000        1.7650716068154910E-008
  -101.00000000000000        2.7843842859310265E-007
  -102.00000000000000        4.1360583299953278E-008
  -103.00000000000000        2.8410487107900625E-007
  -104.00000000000000        1.9768905951028403E-008
  -105.00000000000000        2.7457346895600711E-007
  -106.00000000000000        4.1186594679892217E-008
  -107.00000000000000        2.8584331506420513E-007
  -108.00000000000000        1.9145358692428780E-008
  -109.00000000000000        2.6402261211059016E-007
  -110.00000000000000        3.7286131381672701E-008
  -111.00000000000000        2.7790432404516330E-007
  -112.00000000000000        1.8418101582452458E-008
  -113.00000000000000        2.4561230384572362E-007
  -114.00000000000000        3.3114332547808812E-008
  -115.00000000000000        2.6600339391306372E-007
  -116.00000000000000        1.8768622534677302E-008
  -117.00000000000000        2.6645766891109064E-007
  -118.00000000000000        3.5193087155165161E-008
  -119.00000000000000        2.7078046381720577E-007
  -120.00000000000000        1.9436174595700539E-008
  -121.00000000000000        2.7091448884313290E-007
  -122.00000000000000        3.3910171420656065E-008
  -123.00000000000000        2.5524118305821854E-007
  -124.00000000000000        1.8506133634822127E-008
  -125.00000000000000        2.9484908820449281E-007
  -126.00000000000000        3.5340046465161099E-008
  -127.00000000000000        2.4808260038149654E-007
  -128.00000000000000        1.6720140004292748E-008
  -129.00000000000000        3.0161412154252538E-007
  -130.00000000000000        3.2492865738374772E-008
  -131.00000000000000        2.6534577784081457E-007
  -132.00000000000000        1.6467458184195379E-008
  -133.00000000000000        2.8982385595225741E-007
  -134.00000000000000        3.0023992456055875E-008
  -135.00000000000000        2.5359592048417453E-007
  -136.00000000000000        1.5135587424345661E-008
  -137.00000000000000        3.0357455104463218E-007
  -138.00000000000000        3.2750636012933025E-008
  -139.00000000000000        2.7676869509058466E-007
  -140.00000000000000        1.4640310403931510E-008
  -141.00000000000000        2.8417678986294710E-007
  -142.00000000000000        3.2821143829855161E-008
  -143.00000000000000        2.7285641700017771E-007
  -144.00000000000000        1.6275824619756934E-008
  -145.00000000000000        3.0482779866966580E-007
  -146.00000000000000        3.5161197372303333E-008
  -147.00000000000000        2.9150822296593335E-007
  -148.00000000000000        1.4822511724158139E-008
  -149.00000000000000        3.3919442060915052E-007
  -150.00000000000000        3.1725906188158118E-008
  -151.00000000000000        3.0712842467446139E-007
  -152.00000000000000        1.4333250911532791E-008
  -153.00000000000000        3.5037673598869069E-007
  -154.00000000000000        3.2236490248978217E-008
  -155.00000000000000        3.2969955899614259E-007
  -156.00000000000000        1.4371909991348385E-008
  -157.00000000000000        3.4198315597988922E-007
  -158.00000000000000        3.1539197776825485E-008
  -159.00000000000000        3.3922465180603796E-007
  -160.00000000000000        1.3815561695998024E-008
  -161.00000000000000        3.4564479668762272E-007
  -162.00000000000000        3.3190931747073355E-008
  -163.00000000000000        3.5534089860766258E-007
  -164.00000000000000        1.2930794676073095E-008
  -165.00000000000000        3.9888881701124573E-007
  -166.00000000000000        2.8315734525695962E-008
  -167.00000000000000        3.6907188697177159E-007
  -168.00000000000000        1.4013494384757043E-008
  -169.00000000000000        3.7985256841776920E-007
  -170.00000000000000        3.2645262029999501E-008
  -171.00000000000000        3.6640893748752174E-007
  -172.00000000000000        1.3938752558562141E-008
  -173.00000000000000        3.9644345080094439E-007
  -174.00000000000000        3.4881005479020986E-008
  -175.00000000000000        3.7916764269916508E-007
  -176.00000000000000        1.5714415135818323E-008
  -177.00000000000000        3.9295965752065577E-007
  -178.00000000000000        3.1265746717072816E-008
  -179.00000000000000        3.7502226634049729E-007
  -180.00000000000000        1.3497328674882377E-008
  -181.00000000000000        3.7243811489917673E-007
  -182.00000000000000        3.0230975318966327E-008
  -183.00000000000000        3.5938545808929080E-007
  -184.00000000000000        1.4183091351820385E-008
  -185.00000000000000        3.6408845678962983E-007
  -186.00000000000000        3.3401106722830643E-008
  -187.00000000000000        3.7895963694432607E-007
  -188.00000000000000        1.3702013312119968E-008
  -189.00000000000000        3.6516554075563942E-007
  -190.00000000000000        3.2803280718979574E-008
  -191.00000000000000        3.4016879913770696E-007
  -192.00000000000000        1.4673308277214398E-008
  -193.00000000000000        3.2038969790127650E-007
  -194.00000000000000        3.2690122802145657E-008
  -195.00000000000000        3.2970845211426993E-007
  -196.00000000000000        1.5016674618243555E-008
  -197.00000000000000        3.0605784143710307E-007
  -198.00000000000000        3.4107260553195470E-008
  -199.00000000000000        3.1419988746090589E-007
  -200.00000000000000        1.5678591817931433E-008
  -201.00000000000000        3.0267441364810256E-007
  -202.00000000000000        3.4438116515420307E-008
  -203.00000000000000        3.0153109545670669E-007
  -204.00000000000000        1.4289443007242946E-008
  -205.00000000000000        2.8097993733966577E-007
  -206.00000000000000        3.4368039789862442E-008
  -207.00000000000000        2.9244529843011358E-007
  -208.00000000000000        1.2853446627671239E-008
  -209.00000000000000        2.7944224133320931E-007
  -210.00000000000000        3.7447262841082940E-008
  -211.00000000000000        2.8668150799452048E-007
  -212.00000000000000        1.4918916636217358E-008
  -213.00000000000000        2.7556472411740496E-007
  -214.00000000000000        3.3752423602668544E-008
  -215.00000000000000        2.8197612414703138E-007
  -216.00000000000000        1.5436195762666050E-008
  -217.00000000000000        2.4850803377393194E-007
  -218.00000000000000        3.1933529615601846E-008
  -219.00000000000000        2.8195085043208185E-007
  -220.00000000000000        1.4120395913740192E-008
  -221.00000000000000        2.4315354321625883E-007
  -222.00000000000000        3.0439717312436307E-008
  -223.00000000000000        2.4113702426795665E-007
  -224.00000000000000        1.3676053332822063E-008
  -225.00000000000000        2.2928649922358537E-007
  -226.00000000000000        2.9782454767164213E-008
  -227.00000000000000        2.4529345453058893E-007
  -228.00000000000000        1.2917768236700360E-008
  -229.00000000000000        2.5482868625721866E-007
  -230.00000000000000        2.8315856215053192E-008
  -231.00000000000000        2.2749947759550445E-007
  -232.00000000000000        1.3050640532968532E-008
  -233.00000000000000        2.4685595735008224E-007
  -234.00000000000000        2.7262828841401418E-008
  -235.00000000000000        2.3342360148659689E-007
  -236.00000000000000        1.6194371549802206E-008
  -237.00000000000000        2.6413444098840490E-007
  -238.00000000000000        2.5701719261158575E-008
  -239.00000000000000        2.3518758787065065E-007
  -240.00000000000000        1.3454657237622592E-008
  -241.00000000000000        2.5168281849177028E-007
  -242.00000000000000        2.1913217827910413E-008
  -243.00000000000000        2.3221363494995421E-007
  -244.00000000000000        1.3364833682683590E-008
  -245.00000000000000        2.5560463511400086E-007
  -246.00000000000000        2.3112788118057955E-008
  -247.00000000000000        2.3750325266887401E-007
  -248.00000000000000        1.4371517692217160E-008
  -249.00000000000000        2.4512910982821994E-007
  -250.00000000000000        2.3036730535506491E-008
  -251.00000000000000        2.1973602913559394E-007
  -252.00000000000000        1.4835692062442748E-008
  -253.00000000000000        2.5571043210447954E-007
  -254.00000000000000        2.2057042498772526E-008
  -255.00000000000000        2.3379299284643500E-007
  -256.00000000000000        1.5623347104824137E-008
  -257.00000000000000        2.4024305148467669E-007
  -258.00000000000000        2.0362563634556421E-008
  -259.00000000000000        2.4409185788642487E-007
  -260.00000000000000        1.6082286872383833E-008
  -261.00000000000000        2.3822083434977181E-007
  -262.00000000000000        2.0331173199029946E-008
  -263.00000000000000        2.6784912272831514E-007
  -264.00000000000000        1.6324724721046554E-008
  -265.00000000000000        2.5583881073153431E-007
  -266.00000000000000        2.1794445060672923E-008
  -267.00000000000000        2.5315837037311435E-007
  -268.00000000000000        1.7903300049505464E-008
  -269.00000000000000        2.7448694618253163E-007
  -270.00000000000000        2.1628009885508257E-008
  -271.00000000000000        2.6195664672455358E-007
  -272.00000000000000        1.8662985007480107E-008
  -273.00000000000000        2.7069214145113317E-007
  -274.00000000000000        2.3314774454994119E-008
  -275.00000000000000        2.5254371026837452E-007
  -276.00000000000000        1.7772297310392071E-008
  -277.00000000000000        2.5656598822590022E-007
  -278.00000000000000        2.4379840857644592E-008
  -279.00000000000000        2.6268571480850538E-007
  -280.00000000000000        2.0626042511149403E-008
  -281.00000000000000        2.7179680951765890E-007
  -282.00000000000000        2.3479198378409082E-008
  -283.00000000000000        2.6210627651679598E-007
  -284.00000000000000        2.2747891294278256E-008
  -285.00000000000000        2.6873879161009630E-007
  -286.00000000000000        2.3362191032539292E-008
  -287.00000000000000        2.6756061274245433E-007
  -288.00000000000000        2.0502169397897136E-008
  -289.00000000000000        2.5442349635521084E-007
  -290.00000000000000        2.4753991902524976E-008
  -291.00000000000000        2.6184769249061792E-007
  -292.00000000000000        2.1652220166891793E-008
  -293.00000000000000        2.5531311352396001E-007
  -294.00000000000000        2.5844045936279916E-008
  -295.00000000000000        2.5328644092200703E-007
  -296.00000000000000        2.1977016973261520E-008
  -297.00000000000000        2.6577910363635369E-007
  -298.00000000000000        2.9478319770714802E-008
  -299.00000000000000        2.7183298464390957E-007
  -300.00000000000000        2.5404198000861714E-008
  -301.00000000000000        2.3380748055914460E-007
  -302.00000000000000        2.6150705800831848E-008
  -303.00000000000000        2.4939077685006998E-007
  -304.00000000000000        2.1045542605795606E-008
  -305.00000000000000        2.2954317092834405E-007
  -306.00000000000000        2.6690466604262530E-008
  -307.00000000000000        2.3937621021114031E-007
  -308.00000000000000        2.5544178304227729E-008
  -309.00000000000000        2.3815956984418637E-007
  -310.00000000000000        2.7539837709486160E-008
  -311.00000000000000        2.4925624318493988E-007
  -312.00000000000000        1.9286259618271197E-008
  -313.00000000000000        2.4323756445775980E-007
  -314.00000000000000        2.6573047908867958E-008
  -315.00000000000000        2.4664939695052537E-007
  -316.00000000000000        3.0133594773564459E-008
  -317.00000000000000        2.4662822813358081E-007
  -318.00000000000000        3.4371412692874277E-008
  -319.00000000000000        2.7418671214202401E-007
  -320.00000000000000        2.3650482157107586E-008
  -321.00000000000000        2.4203487548782015E-007
  -322.00000000000000        2.9001605513685090E-008
  -323.00000000000000        2.4444231527037574E-007
  -324.00000000000000        3.0370427477526643E-008
  -325.00000000000000        2.3712500278359860E-007
  -326.00000000000000        3.1379767943939911E-008
  -327.00000000000000        2.5937418023833278E-007
  -328.00000000000000        2.1639128828658067E-008
  -329.00000000000000        2.3173246360985976E-007
  -330.00000000000000        2.7129468119662692E-008
  -331.00000000000000        2.5818880450412777E-007
  -332.00000000000000        2.5217277308592664E-008
  -333.00000000000000        2.5026510530120477E-007
  -334.00000000000000        3.1072488188960966E-008
  -335.00000000000000        2.6894554226827107E-007
  -336.00000000000000        2.3469075625972284E-008
  -337.00000000000000        2.4696686798066956E-007
  -338.00000000000000        2.8136121184922652E-008
  -339.00000000000000        2.4845201090916733E-007
  -340.00000000000000        2.8330825129888007E-008
  -341.00000000000000        2.4042468491415817E-007
  -342.00000000000000        3.5737882550957273E-008
  -343.00000000000000        2.6075542219999817E-007
  -344.00000000000000        2.7627521885936969E-008
  -345.00000000000000        2.3703802034598771E-007
  -346.00000000000000        3.2528990136927730E-008
  -347.00000000000000        2.7292709820050361E-007
  -348.00000000000000        2.5303104727212426E-008
  -349.00000000000000        2.4244356447284191E-007
  -350.00000000000000        2.9482972743146869E-008
  -351.00000000000000        2.8815604628270546E-007
  -352.00000000000000        2.5274274370446570E-008
  -353.00000000000000        2.4519824519517025E-007
  -354.00000000000000        3.1438538529882741E-008
  -355.00000000000000        2.6884650315009963E-007
  -356.00000000000000        2.6737583061832304E-008
  -357.00000000000000        2.5862117351956402E-007
  -358.00000000000000        3.3186560792087472E-008
  -359.00000000000000        2.7194442736376471E-007
  -360.00000000000000        2.6519890727174791E-008
  -361.00000000000000        2.3194240966145224E-007
  -362.00000000000000        3.2723802128772347E-008
  -363.00000000000000        2.4449613793019995E-007
  -364.00000000000000        2.9544066546576750E-008
  -365.00000000000000        2.5001595192747809E-007
  -366.00000000000000        3.5703869729090565E-008
  -367.00000000000000        2.5416010529040324E-007
  -368.00000000000000        2.6990500919100144E-008
  -369.00000000000000        2.2657084868606532E-007
  -370.00000000000000        3.0690014012369000E-008
  -371.00000000000000        2.4888846344265527E-007
  -372.00000000000000        2.4561403166635773E-008
  -373.00000000000000        2.2050545561692984E-007
  -374.00000000000000        3.0291950590794815E-008
  -375.00000000000000        2.4138359153990998E-007
  -376.00000000000000        2.5790560013548151E-008
  -377.00000000000000        2.2769899772332116E-007
  -378.00000000000000        3.2099738938138129E-008
  -379.00000000000000        2.3767668454620555E-007
  -380.00000000000000        2.6455964300633679E-008
  -381.00000000000000        2.2413290253909918E-007
  -382.00000000000000        3.0338044406510200E-008
  -383.00000000000000        2.5377509878557006E-007
  -384.00000000000000        2.3174692813467899E-008
  -385.00000000000000        2.3059538318513382E-007
  -386.00000000000000        2.6172921050532808E-008
  -387.00000000000000        2.4745301578678639E-007
  -388.00000000000000        1.9623919309323010E-008
  -389.00000000000000        2.4159932391228813E-007
  -390.00000000000000        2.9845447431742130E-008
  -391.00000000000000        2.6216619159049962E-007
  -392.00000000000000        2.2792549112385059E-008
  -393.00000000000000        2.4075336410817972E-007
  -394.00000000000000        2.8702673663994395E-008
  -395.00000000000000        2.5673928708090924E-007
  -396.00000000000000        2.2779669763565133E-008
  -397.00000000000000        2.2912731090756999E-007
  -398.00000000000000        2.9671381174458701E-008
  -399.00000000000000        2.4455338523226422E-007
  -400.00000000000000        2.2089001619477963E-008
  -401.00000000000000        2.2731449148368437E-007
  -402.00000000000000        2.8051796334159328E-008
  -403.00000000000000        2.3183511976361687E-007
  -404.00000000000000        2.2246418779744038E-008
  -405.00000000000000        2.2579715387471559E-007
  -406.00000000000000        2.5974599162534800E-008
  -407.00000000000000        2.3403171856923451E-007
  -408.00000000000000        1.9491966520735477E-008
  -409.00000000000000        2.2399892628890011E-007
  -410.00000000000000        2.5817094332648108E-008
  -411.00000000000000        2.3663855590720617E-007
  -412.00000000000000        1.8545731464642712E-008
  -413.00000000000000        2.2535293367560985E-007
  -414.00000000000000        2.3599618963657205E-008
  -415.00000000000000        2.2604980276948971E-007
  -416.00000000000000        1.6916609234315826E-008
  -417.00000000000000        2.1862388274453448E-007
  -418.00000000000000        2.4730275328702036E-008
  -419.00000000000000        2.1044452629638700E-007
  -420.00000000000000        1.7629310457004634E-008
  -421.00000000000000        2.0391896914137068E-007
  -422.00000000000000        2.2994107146129762E-008
  -423.00000000000000        2.1973663176111635E-007
  -424.00000000000000        1.7046883161545180E-008
  -425.00000000000000        2.0961192003094985E-007
  -426.00000000000000        2.2615405813049699E-008
  -427.00000000000000        2.1476571719505682E-007
  -428.00000000000000        1.5281302917662518E-008
  -429.00000000000000        2.0449071690776707E-007
  -430.00000000000000        2.1852909756569592E-008
  -431.00000000000000        1.8999691541906541E-007
  -432.00000000000000        1.4928042709299990E-008
  -433.00000000000000        1.9912828066599275E-007
  -434.00000000000000        2.0941610853949813E-008
  -435.00000000000000        1.9579511793656434E-007
  -436.00000000000000        1.4431584682157649E-008
  -437.00000000000000        1.8223500685369956E-007
  -438.00000000000000        1.9451277099538798E-008
  -439.00000000000000        1.8894290243608251E-007
  -440.00000000000000        1.3260984078921154E-008
  -441.00000000000000        1.8348794659072197E-007
  -442.00000000000000        1.7731793297953266E-008
  -443.00000000000000        1.8478700200529301E-007
  -444.00000000000000        1.2229887376952503E-008
  -445.00000000000000        1.9145099571158380E-007
  -446.00000000000000        2.0469300062286593E-008
  -447.00000000000000        1.8607830336927568E-007
  -448.00000000000000        1.3320555414254110E-008
  -449.00000000000000        1.8429388249630206E-007
  -450.00000000000000        1.8375905003977460E-008
  -451.00000000000000        1.9908708910309335E-007
  -452.00000000000000        1.1506258815842120E-008
  -453.00000000000000        2.0204518925777579E-007
  -454.00000000000000        1.6189494804370484E-008
  -455.00000000000000        1.8286708955153939E-007
  -456.00000000000000        1.0723879096178866E-008
  -457.00000000000000        1.9334826191396654E-007
  -458.00000000000000        1.5948715825277427E-008
  -459.00000000000000        1.7594768442812875E-007
  -460.00000000000000        1.0759650481354976E-008
  -461.00000000000000        1.9948979948506089E-007
  -462.00000000000000        1.8126402061453582E-008
  -463.00000000000000        1.9390182019517528E-007
  -464.00000000000000        1.0764676329722934E-008
  -465.00000000000000        1.9163490013598062E-007
  -466.00000000000000        1.7455610551911355E-008
  -467.00000000000000        1.8632980201689738E-007
  -468.00000000000000        1.0449740235449274E-008
  -469.00000000000000        1.9594041574194354E-007
  -470.00000000000000        1.4473816541884390E-008
  -471.00000000000000        1.7444224082477752E-007
  -472.00000000000000        1.0337037175390335E-008
  -473.00000000000000        1.7379139797354627E-007
  -474.00000000000000        1.5259222589478583E-008
  -475.00000000000000        1.7657492279240852E-007
  -476.00000000000000        9.0233714499271528E-009
  -477.00000000000000        1.7361942634286189E-007
  -478.00000000000000        1.6231116416007869E-008
  -479.00000000000000        1.6612635566077144E-007
  -480.00000000000000        9.1105266982538442E-009
  -481.00000000000000        1.9050909264128175E-007
  -482.00000000000000        1.3890983596491047E-008
  -483.00000000000000        1.7404842935191899E-007
  -484.00000000000000        8.6595679440135416E-009
  -485.00000000000000        1.8954626793222989E-007
  -486.00000000000000        1.5486739022787249E-008
  -487.00000000000000        1.8686833223593570E-007
  -488.00000000000000        8.8905273178679978E-009
  -489.00000000000000        1.7914223948127930E-007
  -490.00000000000000        1.4222382247750544E-008
  -491.00000000000000        1.9361078646612008E-007
  -492.00000000000000        9.3706600288035365E-009
  -493.00000000000000        1.9506715083018583E-007
  -494.00000000000000        1.5171503017494114E-008
  -495.00000000000000        1.7404053527200276E-007
  -496.00000000000000        9.1139806388457947E-009
  -497.00000000000000        1.8957413365661714E-007
  -498.00000000000000        1.3771079035763802E-008
  -499.00000000000000        1.7237718172578267E-007
  -500.00000000000000        7.7957203746671679E-009
  -501.00000000000000        1.8622475503799176E-007
  -502.00000000000000        1.4576315452112703E-008
  -503.00000000000000        2.0681581978931215E-007
  -504.00000000000000        8.7645253498422429E-009
  -505.00000000000000        1.8036653211547522E-007
  -506.00000000000000        1.2606221356812126E-008
  -507.00000000000000        1.3721395787978864E-007
  -508.00000000000000        7.4713934518862035E-009
  -509.00000000000000        2.1244781162989600E-007
  -510.00000000000000        1.4684299983027006E-008
  -511.00000000000000        2.1217757226329185E-007
   512.00000000000000        8.1946534331548551E-009
   511.00000000000000        1.7575408796286547E-007
   510.00000000000000        1.3304354935996753E-008
   509.00000000000000        1.9673453751781055E-007
   508.00000000000000        8.3388232258607457E-009
   507.00000000000000        1.6085577059363254E-007
   506.00000000000000        1.2566938093139944E-008
   505.00000000000000        1.7170514532545315E-007
   504.00000000000000        8.3728981501832666E-009
   503.00000000000000        1.7528425790141580E-007
   502.00000000000000        1.3528220230376368E-008
   501.00000000000000        1.8218423784323654E-007
   500.00000000000000        7.9006403201840542E-009
   499.00000000000000        1.8299959634600452E-007
   498.00000000000000        1.3817386315205444E-008
   497.00000000000000        1.8392965282036119E-007
   496.00000000000000        8.5903597285624622E-009
   495.00000000000000        1.8705841220117405E-007
   494.00000000000000        1.5689896232875993E-008
   493.00000000000000        1.8487451884014921E-007
   492.00000000000000        9.1380087993803094E-009
   491.00000000000000        2.0132198329593240E-007
   490.00000000000000        1.5119051731145470E-008
   489.00000000000000        1.7350666545522954E-007
   488.00000000000000        9.3212106404077718E-009
   487.00000000000000        1.9517876074660918E-007
   486.00000000000000        1.5472558516242087E-008
   485.00000000000000        1.8832905305323530E-007
   484.00000000000000        8.9176234960595927E-009
   483.00000000000000        1.8653660663309871E-007
   482.00000000000000        1.3865187670598802E-008
   481.00000000000000        1.7707935039693864E-007
   480.00000000000000        9.2389945761842070E-009
   479.00000000000000        1.6968519389151844E-007
   478.00000000000000        1.6633121878229766E-008
   477.00000000000000        1.7709272077099170E-007
   476.00000000000000        9.7500836089361676E-009
   475.00000000000000        1.8868529700430445E-007
   474.00000000000000        1.5838357102171123E-008
   473.00000000000000        1.7194897980256970E-007
   472.00000000000000        1.1322617771771190E-008
   471.00000000000000        1.7878406042989826E-007
   470.00000000000000        1.4548116972008673E-008
   469.00000000000000        1.8565990015820295E-007
   468.00000000000000        1.0491470763751975E-008
   467.00000000000000        1.8036330685513742E-007
   466.00000000000000        1.6916421328682303E-008
   465.00000000000000        1.7803105740938196E-007
   464.00000000000000        1.0978211800649056E-008
   463.00000000000000        2.0168701504646481E-007
   462.00000000000000        1.9078422707694409E-008
   461.00000000000000        1.9310998814818547E-007
   460.00000000000000        1.1438171615522532E-008
   459.00000000000000        1.8735792027887835E-007
   458.00000000000000        1.6949410177842194E-008
   457.00000000000000        1.9014507017541057E-007
   456.00000000000000        1.1734653627509059E-008
   455.00000000000000        1.9085020654615067E-007
   454.00000000000000        1.7224977751976802E-008
   453.00000000000000        2.0417206321713134E-007
   452.00000000000000        1.1892674857067736E-008
   451.00000000000000        2.0210787835921718E-007
   450.00000000000000        1.8759412678389099E-008
   449.00000000000000        1.7820013036252080E-007
   448.00000000000000        1.3770232294369950E-008
   447.00000000000000        1.7978336160798993E-007
   446.00000000000000        2.1094317397001472E-008
   445.00000000000000        1.8960191853257504E-007
   444.00000000000000        1.3414020422259690E-008
   443.00000000000000        1.8977359733095558E-007
   442.00000000000000        1.8826529598498283E-008
   441.00000000000000        1.9120903556512900E-007
   440.00000000000000        1.3891712323086962E-008
   439.00000000000000        1.9274110089907996E-007
   438.00000000000000        2.0643197789053415E-008
   437.00000000000000        1.8696169147393849E-007
   436.00000000000000        1.5445921316733987E-008
   435.00000000000000        1.9197333333508889E-007
   434.00000000000000        2.1717380489927762E-008
   433.00000000000000        1.8604257154940839E-007
   432.00000000000000        1.6094727383589569E-008
   431.00000000000000        1.7397570503926560E-007
   430.00000000000000        2.2450920116038760E-008
   429.00000000000000        1.9553231634263945E-007
   428.00000000000000        1.5448057186412035E-008
   427.00000000000000        2.1122256151646164E-007
   426.00000000000000        2.2348020363482936E-008
   425.00000000000000        2.0659813447395140E-007
   424.00000000000000        1.7390336794204806E-008
   423.00000000000000        2.0853762476952702E-007
   422.00000000000000        2.4269629261653784E-008
   421.00000000000000        2.2446218096163752E-007
   420.00000000000000        1.8824054544963715E-008
   419.00000000000000        2.3058648606087844E-007
   418.00000000000000        2.7188189997780469E-008
   417.00000000000000        2.3523730114313714E-007
   416.00000000000000        1.8361222815446344E-008
   415.00000000000000        2.3156307153567180E-007
   414.00000000000000        2.5527131320850730E-008
   413.00000000000000        2.2517258027049646E-007
   412.00000000000000        1.9784648286945217E-008
   411.00000000000000        2.3578501118293874E-007
   410.00000000000000        2.7024905307094530E-008
   409.00000000000000        2.2994162620850299E-007
   408.00000000000000        2.0891990329192366E-008
   407.00000000000000        2.2391922209783595E-007
   406.00000000000000        2.6806349992836845E-008
   405.00000000000000        2.3280380719797387E-007
   404.00000000000000        2.2382585889452565E-008
   403.00000000000000        2.2882376268528112E-007
   402.00000000000000        2.8376344679145924E-008
   401.00000000000000        2.3134521172538905E-007
   400.00000000000000        2.2535846103479161E-008
   399.00000000000000        2.3866938878698171E-007
   398.00000000000000        3.0071274760070463E-008
   397.00000000000000        2.3690079475896299E-007
   396.00000000000000        2.2413486204768805E-008
   395.00000000000000        2.4965785052426751E-007
   394.00000000000000        3.0088210575877027E-008
   393.00000000000000        2.5439593787906480E-007
   392.00000000000000        2.2612422007438613E-008
   391.00000000000000        2.5118652667526394E-007
   390.00000000000000        2.8895445710580867E-008
   389.00000000000000        2.6783879318120122E-007
   388.00000000000000        1.9308000431403346E-008
   387.00000000000000        2.4268801872309484E-007
   386.00000000000000        2.6018012633065763E-008
   385.00000000000000        2.4448899881550729E-007
   384.00000000000000        2.2710294935549754E-008
   383.00000000000000        2.4083127271738304E-007
   382.00000000000000        3.1200626898379630E-008
   381.00000000000000        2.3711646275364508E-007
   380.00000000000000        2.5695943319726028E-008
   379.00000000000000        2.2680191452373551E-007
   378.00000000000000        3.0708515306508019E-008
   377.00000000000000        2.4641108762133267E-007
   376.00000000000000        2.4290104309078122E-008
   375.00000000000000        2.3946199599237325E-007
   374.00000000000000        3.0357840179694997E-008
   373.00000000000000        2.4029667056845863E-007
   372.00000000000000        2.3616926915694313E-008
   371.00000000000000        2.3260069800208746E-007
   370.00000000000000        2.8729649041378913E-008
   369.00000000000000        2.3553172821757628E-007
   368.00000000000000        2.4455657090604332E-008
   367.00000000000000        2.4775210259100753E-007
   366.00000000000000        3.3124239371600097E-008
   365.00000000000000        2.7057119023064537E-007
   364.00000000000000        2.7179213553742449E-008
   363.00000000000000        2.3228297802849325E-007
   362.00000000000000        3.0427366044224618E-008
   361.00000000000000        2.4543331626091670E-007
   360.00000000000000        2.4875561469616202E-008
   359.00000000000000        2.5199866942014605E-007
   358.00000000000000        3.0830910874550372E-008
   357.00000000000000        2.7800864637581126E-007
   356.00000000000000        2.5253160251028163E-008
   355.00000000000000        2.6094137684510528E-007
   354.00000000000000        3.0371962570060694E-008
   353.00000000000000        2.5205655557321646E-007
   352.00000000000000        2.3204922610648753E-008
   351.00000000000000        2.5241834778140485E-007
   350.00000000000000        2.7713478558464388E-008
   349.00000000000000        2.5361013121360186E-007
   348.00000000000000        2.4096086157070759E-008
   347.00000000000000        2.4617301843764337E-007
   346.00000000000000        3.0915008759873116E-008
   345.00000000000000        2.4857815950212120E-007
   344.00000000000000        2.5000915472965932E-008
   343.00000000000000        2.4463530908688263E-007
   342.00000000000000        3.4620446050639552E-008
   341.00000000000000        2.6420371543151096E-007
   340.00000000000000        2.7567015069658189E-008
   339.00000000000000        2.5059291550637055E-007
   338.00000000000000        2.7596655739105003E-008
   337.00000000000000        2.6074136331988740E-007
   336.00000000000000        2.2028126999675584E-008
   335.00000000000000        2.5830070640668688E-007
   334.00000000000000        2.9707835366807367E-008
   333.00000000000000        2.5979960254178654E-007
   332.00000000000000        2.4358504806059628E-008
   331.00000000000000        2.3426264738237982E-007
   330.00000000000000        2.7209616125431974E-008
   329.00000000000000        2.5881417979525111E-007
   328.00000000000000        2.2404698440683586E-008
   327.00000000000000        2.5438507733818915E-007
   326.00000000000000        3.2094394245898875E-008
   325.00000000000000        2.6665101468446720E-007
   324.00000000000000        2.9511554632739349E-008
   323.00000000000000        2.3283886033248820E-007
   322.00000000000000        2.7913134522570816E-008
   321.00000000000000        2.5249937064416989E-007
   320.00000000000000        2.2532803902365058E-008
   319.00000000000000        2.6171929821293607E-007
   318.00000000000000        3.5615792337143127E-008
   317.00000000000000        2.6161186682751478E-007
   316.00000000000000        3.1213743130802353E-008
   315.00000000000000        2.4933280794118202E-007
   314.00000000000000        2.7585891306941637E-008
   313.00000000000000        2.5479821136284409E-007
   312.00000000000000        1.9920105266547762E-008
   311.00000000000000        2.3382585147803155E-007
   310.00000000000000        2.6911800300395975E-008
   309.00000000000000        2.3771804501810752E-007
   308.00000000000000        2.4681722940518537E-008
   307.00000000000000        2.2625938764003164E-007
   306.00000000000000        2.8382425003263256E-008
   305.00000000000000        2.4060693812886557E-007
   304.00000000000000        2.2575680291977144E-008
   303.00000000000000        2.4229081797757156E-007
   302.00000000000000        2.7367211309927655E-008
   301.00000000000000        2.4825294417866842E-007
   300.00000000000000        2.6350083968646815E-008
   299.00000000000000        2.7523138085845173E-007
   298.00000000000000        3.0243172280253162E-008
   297.00000000000000        2.6546673085040176E-007
   296.00000000000000        2.3383967556001372E-008
   295.00000000000000        2.4561077496591015E-007
   294.00000000000000        2.7443343750598153E-008
   293.00000000000000        2.6346434567966251E-007
   292.00000000000000        2.3876290661922560E-008
   291.00000000000000        2.6186115362961096E-007
   290.00000000000000        2.7383095631280882E-008
   289.00000000000000        2.6479416022766100E-007
   288.00000000000000        2.1306994462861642E-008
   287.00000000000000        2.6564042917193557E-007
   286.00000000000000        2.5490840137113976E-008
   285.00000000000000        2.7738279331955438E-007
   284.00000000000000        2.3872825907770684E-008
   283.00000000000000        2.7199069140387892E-007
   282.00000000000000        2.4473653276001702E-008
   281.00000000000000        2.6013991177823010E-007
   280.00000000000000        2.0353138188232113E-008
   279.00000000000000        2.6392841948992258E-007
   278.00000000000000        2.5034640840410741E-008
   277.00000000000000        2.4617031464669993E-007
   276.00000000000000        1.9170909126841123E-008
   275.00000000000000        2.6404624443693132E-007
   274.00000000000000        2.4063254887240963E-008
   273.00000000000000        2.6391506209858530E-007
   272.00000000000000        1.9463969083901884E-008
   271.00000000000000        2.7841493237346764E-007
   270.00000000000000        2.2844518460460026E-008
   269.00000000000000        2.7158762153543807E-007
   268.00000000000000        1.9196420508785041E-008
   267.00000000000000        2.6150473292776627E-007
   266.00000000000000        2.4564450607158340E-008
   265.00000000000000        2.4523589824642532E-007
   264.00000000000000        1.8311707983467394E-008
   263.00000000000000        2.6893929293528271E-007
   262.00000000000000        2.2047962193130825E-008
   261.00000000000000        2.3667115366522189E-007
   260.00000000000000        1.8259265612572514E-008
   259.00000000000000        2.5358979646386593E-007
   258.00000000000000        2.2941923410291662E-008
   257.00000000000000        2.4554470420932654E-007
   256.00000000000000        1.6773357477940030E-008
   255.00000000000000        2.4283278700355421E-007
   254.00000000000000        2.2298174337854763E-008
   253.00000000000000        2.4360349232514789E-007
   252.00000000000000        1.5985732685103891E-008
   251.00000000000000        2.2502563763917665E-007
   250.00000000000000        2.3455421169558667E-008
   249.00000000000000        2.3914819558746641E-007
   248.00000000000000        1.5534857961249107E-008
   247.00000000000000        2.4587113363154490E-007
   246.00000000000000        2.4020124133209635E-008
   245.00000000000000        2.5285452642545845E-007
   244.00000000000000        1.3600613908775609E-008
   243.00000000000000        2.4815536011085959E-007
   242.00000000000000        2.3028752916978173E-008
   241.00000000000000        2.4305980039349601E-007
   240.00000000000000        1.5181145949436814E-008
   239.00000000000000        2.4762506621814793E-007
   238.00000000000000        2.6858981942648048E-008
   237.00000000000000        2.5680846436765070E-007
   236.00000000000000        1.6995637377128898E-008
   235.00000000000000        2.3612540754279287E-007
   234.00000000000000        2.8297964399054504E-008
   233.00000000000000        2.4119755648944956E-007
   232.00000000000000        1.4919043917215546E-008
   231.00000000000000        2.4229624529020612E-007
   230.00000000000000        2.9094630044960484E-008
   229.00000000000000        2.4552699463975329E-007
   228.00000000000000        1.4872519205571446E-008
   227.00000000000000        2.4147096964110370E-007
   226.00000000000000        3.1446148445390401E-008
   225.00000000000000        2.3586123226521591E-007
   224.00000000000000        1.6255300167070349E-008
   223.00000000000000        2.4247383759446431E-007
   222.00000000000000        3.0442145112768248E-008
   221.00000000000000        2.4694236945396109E-007
   220.00000000000000        1.5025083000594707E-008
   219.00000000000000        2.6715828559964717E-007
   218.00000000000000        3.0763910098215060E-008
   217.00000000000000        2.5575208475073349E-007
   216.00000000000000        1.5706216113561930E-008
   215.00000000000000        2.6090661029237604E-007
   214.00000000000000        3.2871265297325014E-008
   213.00000000000000        2.9389240999318938E-007
   212.00000000000000        1.6713556053000129E-008
   211.00000000000000        2.7990574316550816E-007
   210.00000000000000        3.7045417733472639E-008
   209.00000000000000        2.9288039421836998E-007
   208.00000000000000        1.4641323302242795E-008
   207.00000000000000        2.8773041627996220E-007
   206.00000000000000        3.4467403096977305E-008
   205.00000000000000        2.9323970842641856E-007
   204.00000000000000        1.6177260454696769E-008
   203.00000000000000        2.9124856630383019E-007
   202.00000000000000        3.2914267346856619E-008
   201.00000000000000        3.0869029002115950E-007
   200.00000000000000        1.6438035037214134E-008
   199.00000000000000        3.0302814241118073E-007
   198.00000000000000        3.3133881248461573E-008
   197.00000000000000        3.3514289435832023E-007
   196.00000000000000        1.5277577523733372E-008
   195.00000000000000        3.1220444896415536E-007
   194.00000000000000        3.3396384483962651E-008
   193.00000000000000        3.3973048372689444E-007
   192.00000000000000        1.5262041888388770E-008
   191.00000000000000        3.3994671424395937E-007
   190.00000000000000        3.3800292934750811E-008
   189.00000000000000        3.6488216566280258E-007
   188.00000000000000        1.3538348905907648E-008
   187.00000000000000        3.7650354681448652E-007
   186.00000000000000        3.4736236230430135E-008
   185.00000000000000        3.6051904617171955E-007
   184.00000000000000        1.3998076585118035E-008
   183.00000000000000        3.7016784934293841E-007
   182.00000000000000        3.0479097192143845E-008
   181.00000000000000        3.7479350007950984E-007
   180.00000000000000        1.4295335152489094E-008
   179.00000000000000        3.7856374808845392E-007
   178.00000000000000        3.2334114781951594E-008
   177.00000000000000        3.7160271849530435E-007
   176.00000000000000        1.4959309072941585E-008
   175.00000000000000        3.8367915734801287E-007
   174.00000000000000        3.5797009181640484E-008
   173.00000000000000        3.9854146883601596E-007
   172.00000000000000        1.3477102140321912E-008
   171.00000000000000        3.8935660604895131E-007
   170.00000000000000        3.5115300886536119E-008
   169.00000000000000        3.7304585723231496E-007
   168.00000000000000        1.3045038575594446E-008
   167.00000000000000        3.8921502754087405E-007
   166.00000000000000        2.9181978256532441E-008
   165.00000000000000        3.7346241019529792E-007
   164.00000000000000        1.1801025081624347E-008
   163.00000000000000        3.8549571237306710E-007
   162.00000000000000        3.3704635162071485E-008
   161.00000000000000        3.1864398398311239E-007
   160.00000000000000        1.2221208392427215E-008
   159.00000000000000        3.6472025722332577E-007
   158.00000000000000        3.3230029837136234E-008
   157.00000000000000        3.1113591093149775E-007
   156.00000000000000        1.2680403818902361E-008
   155.00000000000000        3.7233184465864437E-007
   154.00000000000000        3.4206580651864362E-008
   153.00000000000000        3.2461887253599444E-007
   152.00000000000000        1.3847343553645259E-008
   151.00000000000000        3.3899967020580780E-007
   150.00000000000000        3.2237371318306374E-008
   149.00000000000000        3.0131334436542743E-007
   148.00000000000000        1.3111381014155917E-008
   147.00000000000000        3.2249835324824661E-007
   146.00000000000000        3.6540867816723630E-008
   145.00000000000000        2.7443391596864747E-007
   144.00000000000000        1.5316673945106259E-008
   143.00000000000000        3.1894534962582092E-007
   142.00000000000000        3.3691517820601949E-008
   141.00000000000000        2.5101396594519221E-007
   140.00000000000000        1.3690508447201565E-008
   139.00000000000000        3.0238778201598600E-007
   138.00000000000000        3.2597319494828955E-008
   137.00000000000000        2.6923985025930593E-007
   136.00000000000000        1.4470735907692706E-008
   135.00000000000000        2.7670205897519945E-007
   134.00000000000000        3.0772757947952958E-008
   133.00000000000000        2.6800912046799705E-007
   132.00000000000000        1.5939723279604931E-008
   131.00000000000000        2.9931812430385156E-007
   130.00000000000000        3.2708336480802151E-008
   129.00000000000000        2.8140508065018061E-007
   128.00000000000000        1.6626177851652701E-008
   127.00000000000000        2.7818020213050481E-007
   126.00000000000000        3.5819377289914657E-008
   125.00000000000000        2.7981327980274450E-007
   124.00000000000000        1.8382934307784465E-008
   123.00000000000000        2.6781648311694791E-007
   122.00000000000000        3.3011060908503600E-008
   121.00000000000000        2.6636941826776239E-007
   120.00000000000000        2.0051747122812652E-008
   119.00000000000000        2.9202591953311509E-007
   118.00000000000000        3.4600843506214490E-008
   117.00000000000000        2.5312958128761153E-007
   116.00000000000000        1.9129420296997313E-008
   115.00000000000000        2.5796253500489146E-007
   114.00000000000000        3.1950675165944274E-008
   113.00000000000000        2.4551237541661831E-007
   112.00000000000000        1.8636721692216689E-008
   111.00000000000000        2.7195882770655898E-007
   110.00000000000000        3.6698868711057895E-008
   109.00000000000000        2.6964240302093342E-007
   108.00000000000000        1.9107132078002827E-008
   107.00000000000000        2.7542777309740132E-007
   106.00000000000000        3.9968986236061870E-008
   105.00000000000000        2.8862908627250731E-007
   104.00000000000000        2.0118513912962382E-008
   103.00000000000000        2.7604440780005965E-007
   102.00000000000000        4.0890683147946189E-008
   101.00000000000000        2.9952347135207392E-007
   100.00000000000000        1.9590033277164314E-008
   99.000000000000000        2.9017004611896971E-007
   98.000000000000000        3.4612704681022171E-008
   97.000000000000000        2.9415690388493955E-007
   96.000000000000000        1.9688666858282522E-008
   95.000000000000000        2.9024409167609101E-007
   94.000000000000000        3.8717619362298058E-008
   93.000000000000000        3.1225012037464317E-007
   92.000000000000000        1.8575990367264847E-008
   91.000000000000000        2.8586787748429790E-007
   90.000000000000000        3.7710137528312653E-008
   89.000000000000000        3.0201832437480727E-007
   88.000000000000000        1.5778384930010009E-008
   87.000000000000000        2.8426529791051698E-007
   86.000000000000000        4.1314685519361757E-008
   85.000000000000000        2.6393721855736207E-007
   84.000000000000000        1.6237950147319600E-008
   83.000000000000000        2.8489773691314213E-007
   82.000000000000000        4.6082892433754232E-008
   81.000000000000000        3.1684270231278018E-007
   80.000000000000000        1.5513801655854231E-008
   79.000000000000000        2.6419895331027077E-007
   78.000000000000000        4.9447633129967550E-008
   77.000000000000000        2.8781681396012389E-007
   76.000000000000000        1.7762204208948171E-008
   75.000000000000000        2.5183207788019404E-007
   74.000000000000000        4.6794316557321709E-008
   73.000000000000000        2.6356183810910468E-007
   72.000000000000000        1.5485299943725972E-008
   71.000000000000000        2.4982062557698210E-007
   70.000000000000000        4.6146075629400923E-008
   69.000000000000000        2.4917791082753134E-007
   68.000000000000000        1.5060274532786654E-008
   67.000000000000000        2.3180891921972673E-007
   66.000000000000000        4.4241866191880468E-008
   65.000000000000000        2.4962799437564098E-007
   64.000000000000000        1.3705351994045093E-008
   63.000000000000000        2.3559263470117825E-007
   62.000000000000000        4.5855699409710555E-008
   61.000000000000000        2.2985430408680431E-007
   60.000000000000000        1.0774040227789471E-008
   59.000000000000000        2.2995987738626590E-007
   58.000000000000000        4.7356242901100822E-008
   57.000000000000000        2.3323565893123751E-007
   56.000000000000000        1.2010417357706446E-008
   55.000000000000000        2.2778991089176361E-007
   54.000000000000000        4.0831366929723110E-008
   53.000000000000000        2.3987175280201182E-007
   52.000000000000000        1.2014167341508705E-008
   51.000000000000000        2.4330080504958173E-007
   50.000000000000000        4.1185576370681205E-008
   49.000000000000000        2.1221737794564703E-007
   48.000000000000000        1.1945148600561664E-008
   47.000000000000000        2.2453002169694886E-007
   46.000000000000000        4.7724606845857033E-008
   45.000000000000000        2.0311431704398180E-007
   44.000000000000000        1.3647346835312237E-008
   43.000000000000000        2.1431075831916902E-007
   42.000000000000000        4.2787545363514615E-008
   41.000000000000000        2.4534456369493530E-007
   40.000000000000000        1.4567145832610162E-008
   39.000000000000000        2.2857904670371972E-007
   38.000000000000000        3.7389360494033582E-008
   37.000000000000000        2.3445236462661331E-007
   36.000000000000000        1.7473403394597981E-008
   35.000000000000000        2.3892285865471069E-007
   34.000000000000000        4.3166106347141576E-008
   33.000000000000000        2.1140704679347798E-007
   32.000000000000000        2.7452343626800583E-008
   31.000000000000000        2.5741634764761002E-007
   30.000000000000000        5.9531814491463220E-008
   29.000000000000000        2.7294827579033146E-007
   28.000000000000000        6.6100375635013745E-008
   27.000000000000000        3.4824998095229584E-007
   26.000000000000000        1.2699767846149667E-007
   25.000000000000000        4.5557403164157733E-007
   24.000000000000000        2.0986667509746744E-007
   23.000000000000000        8.7241375020337781E-007
   22.000000000000000        4.7173094274717335E-007
   21.000000000000000        2.2745159549336298E-006
   20.000000000000000        1.3379386878351675E-006
   19.000000000000000        1.1013211851066545E-005
   18.000000000000000        6.3173996399752466E-006
   17.000000000000000        9.5662646277288230E-005
   16.000000000000000        4.0091558694406778E-005
   15.000000000000000        7.5692149616962343E-004
   14.000000000000000        1.3847278856953245E-004
   13.000000000000000        2.7063630113731540E-003
   12.000000000000000        1.8719500687481270E-004
   11.000000000000000        5.4432871202007528E-003
   10.000000000000000        1.8881679108492716E-004
   9.0000000000000000        1.4305505660151490E-002
   8.0000000000000000        2.5152487614124672E-005
   7.0000000000000000        7.1799733934391364E-003
   6.0000000000000000        1.4558330668974540E-004
   5.0000000000000000        1.3629455983067276E-002
   4.0000000000000000        1.1544397286438046E-004
   3.0000000000000000        6.1101883509778986E-003
   2.0000000000000000        3.5638913408333751E-004
   1.0000000000000000        3.1957409596928665E-002
