  -0.0000000000000000        2.8004879618209828E-008
  -1.0000000000000000        1.3142645003927761E-008
  -2.0000000000000000        3.3289246091379638E-009
  -3.0000000000000000        5.7178658228089937E-010
  -4.0000000000000000        7.4230392198693687E-011
  -5.0000000000000000        7.7547856740142397E-012
  -6.0000000000000000        6.8184083952607312E-013
  -7.0000000000000000        8.2783138612731317E-014
  -8.0000000000000000        2.9593072981107254E-014
  -9.0000000000000000        2.9003380300616217E-014
  -10.000000000000000        1.5884481001066419E-014
  -11.000000000000000        2.4901649175556946E-014
  -12.000000000000000        2.2693128617537369E-014
  -13.000000000000000        2.4185007336051131E-014
  -14.000000000000000        1.0525313958304774E-014
  -15.000000000000000        2.1289570634740590E-014
  -16.000000000000000        1.6436213713553313E-014
  -17.000000000000000        2.3199754957352490E-014
  -18.000000000000000        1.0719793341702468E-014
  -19.000000000000000        2.1259377441294184E-014
  -20.000000000000000        1.2387381779234871E-014
  -21.000000000000000        2.1657222076289726E-014
  -22.000000000000000        1.1523310067940507E-014
  -23.000000000000000        2.1603778744947498E-014
  -24.000000000000000        9.4113712993413882E-015
  -25.000000000000000        2.0255559893374807E-014
  -26.000000000000000        1.2265863681361373E-014
  -27.000000000000000        2.3727485371489240E-014
  -28.000000000000000        1.1817197179956701E-014
  -29.000000000000000        2.1916029367468088E-014
  -30.000000000000000        1.2889571168237525E-014
  -31.000000000000000        2.3868609160687099E-014
  -32.000000000000000        1.4739115927312968E-014
  -33.000000000000000        2.5309960281677379E-014
  -34.000000000000000        1.3547161102561715E-014
  -35.000000000000000        2.4082117466986260E-014
  -36.000000000000000        1.7689288013099746E-014
  -37.000000000000000        2.8836081557170077E-014
  -38.000000000000000        1.6124345796459752E-014
  -39.000000000000000        2.3811552155299948E-014
  -40.000000000000000        1.6676683755934055E-014
  -41.000000000000000        2.4752081151539810E-014
  -42.000000000000000        1.5299921177572129E-014
  -43.000000000000000        2.6708452248504288E-014
  -44.000000000000000        1.7432879841244362E-014
  -45.000000000000000        2.0611811218719902E-014
  -46.000000000000000        1.4049120608477454E-014
  -47.000000000000000        2.6674124958792418E-014
  -48.000000000000000        1.7848733622420505E-014
  -49.000000000000000        2.1243518212907746E-014
  -50.000000000000000        1.4497399838776060E-014
  -51.000000000000000        2.7418429252780938E-014
  -52.000000000000000        1.8159910189278918E-014
  -53.000000000000000        2.2840732051642130E-014
  -54.000000000000000        1.4812635968313449E-014
  -55.000000000000000        2.4618679556158447E-014
  -56.000000000000000        1.8138397336278038E-014
  -57.000000000000000        2.3409011452833419E-014
  -58.000000000000000        1.4356224114508906E-014
  -59.000000000000000        2.1926246960576160E-014
  -60.000000000000000        1.7041756086907123E-014
  -61.000000000000000        2.3936948958924701E-014
  -62.000000000000000        1.4339126469548705E-014
  -63.000000000000000        1.9178647471541051E-014
  -64.000000000000000        1.5621703130441638E-014
  -65.000000000000000        2.1199918954462398E-014
  -66.000000000000000        1.3920993893739008E-014
  -67.000000000000000        2.0875205268323082E-014
  -68.000000000000000        1.4965909889185057E-014
  -69.000000000000000        1.8215890790245642E-014
  -70.000000000000000        1.4260645582110097E-014
  -71.000000000000000        2.2487257009575060E-014
  -72.000000000000000        1.6644457215080734E-014
  -73.000000000000000        1.8314026851815054E-014
  -74.000000000000000        1.4075566099843181E-014
  -75.000000000000000        2.2566609054406585E-014
  -76.000000000000000        1.7188955526764024E-014
  -77.000000000000000        2.0029298072969786E-014
  -78.000000000000000        1.4807826529586666E-014
  -79.000000000000000        2.1340617886394920E-014
  -80.000000000000000        1.7358851814989146E-014
  -81.000000000000000        2.0413572452931950E-014
  -82.000000000000000        1.4861247579428340E-014
  -83.000000000000000        1.8742218639800644E-014
  -84.000000000000000        1.6293037551809063E-014
  -85.000000000000000        2.1011349447111442E-014
  -86.000000000000000        1.4595001447687509E-014
  -87.000000000000000        1.7848287720884370E-014
  -88.000000000000000        1.5737837074053275E-014
  -89.000000000000000        1.7531993887505920E-014
  -90.000000000000000        1.3218544923767830E-014
  -91.000000000000000        1.6559090679937195E-014
  -92.000000000000000        1.5458613346367930E-014
  -93.000000000000000        1.6427815903393312E-014
  -94.000000000000000        1.3558263878645764E-014
  -95.000000000000000        1.7774588186606247E-014
  -96.000000000000000        1.3356965656873520E-014
  -97.000000000000000        1.4874692673630451E-014
  -98.000000000000000        1.3874258619855642E-014
  -99.000000000000000        1.7697825938152194E-014
  -100.00000000000000        1.3624043422117024E-014
  -101.00000000000000        1.5006915798663500E-014
  -102.00000000000000        1.4727394196054714E-014
  -103.00000000000000        1.7869565838828503E-014
  -104.00000000000000        1.3239798932355187E-014
  -105.00000000000000        1.5978780211294201E-014
  -106.00000000000000        1.5940430659888475E-014
  -107.00000000000000        1.7285632623854805E-014
  -108.00000000000000        1.1957878106365762E-014
  -109.00000000000000        1.6630401783259480E-014
  -110.00000000000000        1.5270549877983674E-014
  -111.00000000000000        1.5469084638195582E-014
  -112.00000000000000        1.1779288376899816E-014
  -113.00000000000000        1.4634511823019395E-014
  -114.00000000000000        1.3401397013989255E-014
  -115.00000000000000        1.3429624160619955E-014
  -116.00000000000000        1.1241277574534974E-014
  -117.00000000000000        1.3040594197180189E-014
  -118.00000000000000        1.3307123403561160E-014
  -119.00000000000000        1.4428432078321701E-014
  -120.00000000000000        1.1785000905059144E-014
  -121.00000000000000        1.3431642252215791E-014
  -122.00000000000000        1.4114687766982483E-014
  -123.00000000000000        1.4864199844651759E-014
  -124.00000000000000        1.0780106019046852E-014
  -125.00000000000000        1.2857129931802840E-014
  -126.00000000000000        1.3319986152253303E-014
  -127.00000000000000        1.3176551596150406E-014
  -128.00000000000000        1.0356796219560081E-014
  -129.00000000000000        1.3118703440863382E-014
  -130.00000000000000        1.3120969187668428E-014
  -131.00000000000000        1.2709633736338333E-014
  -132.00000000000000        9.8079317214597568E-015
  -133.00000000000000        1.1987650829225315E-014
  -134.00000000000000        1.3800014711240320E-014
  -135.00000000000000        1.3877518688416359E-014
  -136.00000000000000        1.0524093997024638E-014
  -137.00000000000000        1.3488592599830755E-014
  -138.00000000000000        1.3299473948490291E-014
  -139.00000000000000        1.2527268694373936E-014
  -140.00000000000000        9.6890943475369031E-015
  -141.00000000000000        9.9915989774045319E-015
  -142.00000000000000        1.1721191888129044E-014
  -143.00000000000000        1.1770029248003235E-014
  -144.00000000000000        1.0566177346059479E-014
  -145.00000000000000        1.1673757936121831E-014
  -146.00000000000000        1.1762904114799221E-014
  -147.00000000000000        1.1158328914598377E-014
  -148.00000000000000        9.4946932970144422E-015
  -149.00000000000000        1.2633989325773801E-014
  -150.00000000000000        1.2710120283681573E-014
  -151.00000000000000        9.8416818384811626E-015
  -152.00000000000000        8.9823515862481296E-015
  -153.00000000000000        1.2502599215093124E-014
  -154.00000000000000        1.3342545462788327E-014
  -155.00000000000000        1.1882684792489296E-014
  -156.00000000000000        8.9527284678765349E-015
  -157.00000000000000        1.3357997506730322E-014
  -158.00000000000000        1.5244758660272263E-014
  -159.00000000000000        1.2381051677134501E-014
  -160.00000000000000        8.9115013258078901E-015
  -161.00000000000000        1.3746843731971788E-014
  -162.00000000000000        1.5440794474501681E-014
  -163.00000000000000        1.3151678013395007E-014
  -164.00000000000000        8.9472743392935127E-015
  -165.00000000000000        1.0070337528403442E-014
  -166.00000000000000        1.2063522852143123E-014
  -167.00000000000000        1.1258978743357930E-014
  -168.00000000000000        8.8365252799836699E-015
  -169.00000000000000        1.0561634443288773E-014
  -170.00000000000000        1.2036985882978081E-014
  -171.00000000000000        1.1699181223006515E-014
  -172.00000000000000        1.0080310218711595E-014
  -173.00000000000000        1.2559929965792174E-014
  -174.00000000000000        1.1610804694789358E-014
  -175.00000000000000        9.3346260971224625E-015
  -176.00000000000000        9.4048031932142480E-015
  -177.00000000000000        1.3144046426249967E-014
  -178.00000000000000        1.3710212090136380E-014
  -179.00000000000000        1.0611704621876209E-014
  -180.00000000000000        8.5181207290316720E-015
  -181.00000000000000        1.3282105709872963E-014
  -182.00000000000000        1.5257760735429932E-014
  -183.00000000000000        1.3051650065332808E-014
  -184.00000000000000        9.0773422967253907E-015
  -185.00000000000000        1.1371598881444918E-014
  -186.00000000000000        1.3011762081785842E-014
  -187.00000000000000        1.1444067859839842E-014
  -188.00000000000000        8.4411393823038239E-015
  -189.00000000000000        1.1182306562262156E-014
  -190.00000000000000        1.3373649341247610E-014
  -191.00000000000000        1.2539340702553860E-014
  -192.00000000000000        9.9028172917631183E-015
  -193.00000000000000        1.1528482161103889E-014
  -194.00000000000000        1.3347010312317378E-014
  -195.00000000000000        1.2467770287789916E-014
  -196.00000000000000        9.4258180594311991E-015
  -197.00000000000000        1.1606847263134623E-014
  -198.00000000000000        1.1586433903342253E-014
  -199.00000000000000        9.9301908768148230E-015
  -200.00000000000000        8.7533476745731676E-015
  -201.00000000000000        1.0212457047299758E-014
  -202.00000000000000        1.0371624058936529E-014
  -203.00000000000000        8.9937985124700203E-015
  -204.00000000000000        8.2736160689754208E-015
  -205.00000000000000        1.0559579401807296E-014
  -206.00000000000000        1.1748776062999785E-014
  -207.00000000000000        1.1206452785706025E-014
  -208.00000000000000        8.9784205162943783E-015
  -209.00000000000000        1.2265746740477785E-014
  -210.00000000000000        1.3190270982825260E-014
  -211.00000000000000        1.1481402354187080E-014
  -212.00000000000000        9.3760771621970277E-015
  -213.00000000000000        1.0994239777059598E-014
  -214.00000000000000        1.1993962281956898E-014
  -215.00000000000000        1.1088829471281248E-014
  -216.00000000000000        9.3859361360956650E-015
  -217.00000000000000        1.0753427408792277E-014
  -218.00000000000000        1.1017532445835273E-014
  -219.00000000000000        1.0071828005218847E-014
  -220.00000000000000        8.7088603097541405E-015
  -221.00000000000000        1.0404772790750170E-014
  -222.00000000000000        1.0531832558404602E-014
  -223.00000000000000        1.0161948010102877E-014
  -224.00000000000000        9.5817840983238577E-015
  -225.00000000000000        1.0776779364053904E-014
  -226.00000000000000        1.0341520993683099E-014
  -227.00000000000000        9.0620183233874263E-015
  -228.00000000000000        8.4644075089859156E-015
  -229.00000000000000        1.0572378466267846E-014
  -230.00000000000000        1.1328985941305245E-014
  -231.00000000000000        1.0188586933083085E-014
  -232.00000000000000        7.6776305474470055E-015
  -233.00000000000000        9.9407679411823672E-015
  -234.00000000000000        1.0607482660655708E-014
  -235.00000000000000        9.6164527276407038E-015
  -236.00000000000000        7.2327243985716550E-015
  -237.00000000000000        8.7284681377150194E-015
  -238.00000000000000        9.4077362588036467E-015
  -239.00000000000000        8.8387166182747762E-015
  -240.00000000000000        7.2939582049620868E-015
  -241.00000000000000        8.7677656440964191E-015
  -242.00000000000000        9.7654569802083016E-015
  -243.00000000000000        9.8074984103194780E-015
  -244.00000000000000        8.2037644011893591E-015
  -245.00000000000000        8.3548142059822902E-015
  -246.00000000000000        8.7148315704889780E-015
  -247.00000000000000        8.9189281392913097E-015
  -248.00000000000000        7.5699257830249663E-015
  -249.00000000000000        7.7602702203168114E-015
  -250.00000000000000        7.8256615661637678E-015
  -251.00000000000000        7.2569905814464060E-015
  -252.00000000000000        6.2879091278301255E-015
  -253.00000000000000        7.1378819908523354E-015
  -254.00000000000000        7.1237836751923212E-015
  -255.00000000000000        6.5263186364194394E-015
  -256.00000000000000        5.4424066578075029E-015
  -257.00000000000000        7.1692188169543402E-015
  -258.00000000000000        7.4152298644698188E-015
  -259.00000000000000        7.0144852745685232E-015
  -260.00000000000000        5.8777641103910584E-015
  -261.00000000000000        6.6963375743123704E-015
  -262.00000000000000        7.4072495435085771E-015
  -263.00000000000000        6.9893238222009352E-015
  -264.00000000000000        5.6841568904992916E-015
  -265.00000000000000        6.1758806077875595E-015
  -266.00000000000000        6.5277830430585036E-015
  -267.00000000000000        6.4454261824573343E-015
  -268.00000000000000        5.4408322296269470E-015
  -269.00000000000000        6.1936617649985416E-015
  -270.00000000000000        5.8925311632242474E-015
  -271.00000000000000        5.9415710475761300E-015
  -272.00000000000000        5.8441935758542142E-015
  -273.00000000000000        6.1778154960222137E-015
  -274.00000000000000        5.6857892624906048E-015
  -275.00000000000000        5.4116419829873493E-015
  -276.00000000000000        5.1767338878102697E-015
  -277.00000000000000        5.8149105606737286E-015
  -278.00000000000000        5.6941652373245759E-015
  -279.00000000000000        5.4316829304213064E-015
  -280.00000000000000        4.9416722573712529E-015
  -281.00000000000000        6.1115679305744529E-015
  -282.00000000000000        6.6653707717196619E-015
  -283.00000000000000        6.2999479856773520E-015
  -284.00000000000000        4.5217477498022469E-015
  -285.00000000000000        5.0970247927445253E-015
  -286.00000000000000        4.8672584676461862E-015
  -287.00000000000000        4.3934290623687271E-015
  -288.00000000000000        4.3465472660696671E-015
  -289.00000000000000        4.9141255493544168E-015
  -290.00000000000000        4.8274236042925566E-015
  -291.00000000000000        4.7600937324697363E-015
  -292.00000000000000        4.4326520311554039E-015
  -293.00000000000000        5.0311065793530359E-015
  -294.00000000000000        4.7754062179009089E-015
  -295.00000000000000        5.1061603688812501E-015
  -296.00000000000000        4.5226036453326831E-015
  -297.00000000000000        4.6367137175149593E-015
  -298.00000000000000        4.2649779429691838E-015
  -299.00000000000000        4.3391446495247891E-015
  -300.00000000000000        4.1014316098458784E-015
  -301.00000000000000        4.3633964021758761E-015
  -302.00000000000000        4.8289183962753008E-015
  -303.00000000000000        4.5701667189922299E-015
  -304.00000000000000        3.5955180538327983E-015
  -305.00000000000000        5.2228329394869083E-015
  -306.00000000000000        5.5402495385430158E-015
  -307.00000000000000        4.5878842019966140E-015
  -308.00000000000000        3.4740115246762392E-015
  -309.00000000000000        4.3378490268947471E-015
  -310.00000000000000        4.3994908443176707E-015
  -311.00000000000000        3.8321107614339824E-015
  -312.00000000000000        3.5637651244642120E-015
  -313.00000000000000        4.4062569579418411E-015
  -314.00000000000000        4.3208247135963283E-015
  -315.00000000000000        4.3639148374420691E-015
  -316.00000000000000        3.4919147046124708E-015
  -317.00000000000000        3.3309643789378355E-015
  -318.00000000000000        3.7203510635250822E-015
  -319.00000000000000        3.8025335424654657E-015
  -320.00000000000000        3.1509961863029095E-015
  -321.00000000000000        4.1634554022204463E-015
  -322.00000000000000        3.9418774876407929E-015
  -323.00000000000000        3.4460136338185841E-015
  -324.00000000000000        3.1085835246730569E-015
  -325.00000000000000        3.4738439290184438E-015
  -326.00000000000000        3.6938706622300468E-015
  -327.00000000000000        3.9660949175544022E-015
  -328.00000000000000        3.3163060049095583E-015
  -329.00000000000000        4.0144464828308568E-015
  -330.00000000000000        4.6413736382394668E-015
  -331.00000000000000        4.2782622180548700E-015
  -332.00000000000000        3.2685124478729879E-015
  -333.00000000000000        4.1685730647553554E-015
  -334.00000000000000        3.7029770531032153E-015
  -335.00000000000000        3.4105609619612575E-015
  -336.00000000000000        3.0605768310969721E-015
  -337.00000000000000        2.7730826575102950E-015
  -338.00000000000000        2.6595474269048298E-015
  -339.00000000000000        2.8507079333176043E-015
  -340.00000000000000        2.5484467551484664E-015
  -341.00000000000000        3.0409597473086824E-015
  -342.00000000000000        3.3199198641654729E-015
  -343.00000000000000        3.5104354467648119E-015
  -344.00000000000000        3.2842462930927378E-015
  -345.00000000000000        3.5378200742820450E-015
  -346.00000000000000        3.2654569183812012E-015
  -347.00000000000000        3.1120552443818738E-015
  -348.00000000000000        2.9361567709073933E-015
  -349.00000000000000        3.4432289917920568E-015
  -350.00000000000000        3.5886555881668082E-015
  -351.00000000000000        3.5440366554549606E-015
  -352.00000000000000        3.0760402122098058E-015
  -353.00000000000000        4.0497464973389227E-015
  -354.00000000000000        4.6351347325566011E-015
  -355.00000000000000        4.1046466968730263E-015
  -356.00000000000000        2.7993630818689287E-015
  -357.00000000000000        3.9414289216770418E-015
  -358.00000000000000        4.0522500684494027E-015
  -359.00000000000000        3.5276511310318879E-015
  -360.00000000000000        2.9463315751909548E-015
  -361.00000000000000        3.4042685500810723E-015
  -362.00000000000000        3.6571117595826560E-015
  -363.00000000000000        3.2741009186470277E-015
  -364.00000000000000        2.6226687177585652E-015
  -365.00000000000000        3.0170622035456140E-015
  -366.00000000000000        3.0942163793302270E-015
  -367.00000000000000        2.8767748026817649E-015
  -368.00000000000000        2.3205441491518267E-015
  -369.00000000000000        2.7512082015107230E-015
  -370.00000000000000        3.1935066623725433E-015
  -371.00000000000000        3.0188591091891603E-015
  -372.00000000000000        2.4581647494552683E-015
  -373.00000000000000        3.1033498660483905E-015
  -374.00000000000000        3.1391705436666491E-015
  -375.00000000000000        2.7458003422374845E-015
  -376.00000000000000        2.2815122529362104E-015
  -377.00000000000000        2.7496541296415259E-015
  -378.00000000000000        2.9798274531214088E-015
  -379.00000000000000        3.1271518467384566E-015
  -380.00000000000000        2.6863687709501310E-015
  -381.00000000000000        3.1781163421795914E-015
  -382.00000000000000        3.3087782460685867E-015
  -383.00000000000000        2.9336578293975734E-015
  -384.00000000000000        2.4069771253996930E-015
  -385.00000000000000        3.1535163940047272E-015
  -386.00000000000000        3.2989245560974404E-015
  -387.00000000000000        3.2351166518065725E-015
  -388.00000000000000        2.8160941006884492E-015
  -389.00000000000000        3.5844716426744437E-015
  -390.00000000000000        3.6407752697197596E-015
  -391.00000000000000        3.3652494027772725E-015
  -392.00000000000000        3.1823607770414219E-015
  -393.00000000000000        4.1073977245951172E-015
  -394.00000000000000        4.0537655997451494E-015
  -395.00000000000000        3.6831656772222601E-015
  -396.00000000000000        2.8917123535543877E-015
  -397.00000000000000        3.3978801416204314E-015
  -398.00000000000000        3.7728134171130082E-015
  -399.00000000000000        3.6049008264178021E-015
  -400.00000000000000        2.9296749147095813E-015
  -401.00000000000000        3.3420216230518488E-015
  -402.00000000000000        3.4520943496028946E-015
  -403.00000000000000        2.7629659117511844E-015
  -404.00000000000000        2.1534799249924333E-015
  -405.00000000000000        2.8623119050517542E-015
  -406.00000000000000        2.7287707750814367E-015
  -407.00000000000000        2.3604488798326520E-015
  -408.00000000000000        2.1484309262266617E-015
  -409.00000000000000        2.8541558943686902E-015
  -410.00000000000000        3.0337297905220801E-015
  -411.00000000000000        2.5214493249130495E-015
  -412.00000000000000        2.4460033037687397E-015
  -413.00000000000000        3.2912707170156609E-015
  -414.00000000000000        3.0468600848695306E-015
  -415.00000000000000        2.8333279868324231E-015
  -416.00000000000000        2.2175866413978391E-015
  -417.00000000000000        3.2756972158189962E-015
  -418.00000000000000        3.9426811875381396E-015
  -419.00000000000000        3.7205760187026079E-015
  -420.00000000000000        3.1195637890317792E-015
  -421.00000000000000        3.7222819315188648E-015
  -422.00000000000000        3.9297489680322770E-015
  -423.00000000000000        3.5040972420520181E-015
  -424.00000000000000        2.8058767998073412E-015
  -425.00000000000000        3.1370555531491932E-015
  -426.00000000000000        3.3636574794177074E-015
  -427.00000000000000        3.2452208562974247E-015
  -428.00000000000000        2.7502531477064180E-015
  -429.00000000000000        2.6336421283830228E-015
  -430.00000000000000        3.0298088869370397E-015
  -431.00000000000000        3.0737895705881998E-015
  -432.00000000000000        2.5691630829745893E-015
  -433.00000000000000        3.3246421164054972E-015
  -434.00000000000000        3.1547323374807647E-015
  -435.00000000000000        2.6742931778028991E-015
  -436.00000000000000        2.3816810929240836E-015
  -437.00000000000000        3.0142501576530153E-015
  -438.00000000000000        3.2244660381853470E-015
  -439.00000000000000        2.9753101583990176E-015
  -440.00000000000000        2.4070348734266839E-015
  -441.00000000000000        3.3224953538299456E-015
  -442.00000000000000        3.7201776109104252E-015
  -443.00000000000000        3.6145926984919982E-015
  -444.00000000000000        2.9185474566461209E-015
  -445.00000000000000        3.1863328309132999E-015
  -446.00000000000000        3.1874562771718873E-015
  -447.00000000000000        3.3460002928361319E-015
  -448.00000000000000        3.0271462054788857E-015
  -449.00000000000000        3.4630467116159527E-015
  -450.00000000000000        3.0756361689528904E-015
  -451.00000000000000        2.6240982648932613E-015
  -452.00000000000000        2.4868065672750852E-015
  -453.00000000000000        2.9534272325453761E-015
  -454.00000000000000        3.0751085085064637E-015
  -455.00000000000000        3.1265720732154746E-015
  -456.00000000000000        2.7564677753819108E-015
  -457.00000000000000        2.9894566514005276E-015
  -458.00000000000000        3.3445408829840115E-015
  -459.00000000000000        3.2246987935238519E-015
  -460.00000000000000        2.7107158868043355E-015
  -461.00000000000000        3.4391490243509245E-015
  -462.00000000000000        3.7617188588730106E-015
  -463.00000000000000        3.7767705598062068E-015
  -464.00000000000000        3.1097654458473369E-015
  -465.00000000000000        3.1717558539354772E-015
  -466.00000000000000        3.2087387359071281E-015
  -467.00000000000000        2.9716838920219111E-015
  -468.00000000000000        2.2902783375275613E-015
  -469.00000000000000        2.6316232855103510E-015
  -470.00000000000000        2.8604641763208454E-015
  -471.00000000000000        2.6157356233785104E-015
  -472.00000000000000        2.3481201350712491E-015
  -473.00000000000000        2.9177963984447592E-015
  -474.00000000000000        3.0173350809993396E-015
  -475.00000000000000        3.2285061053946529E-015
  -476.00000000000000        3.2194482019912409E-015
  -477.00000000000000        3.3415782908456282E-015
  -478.00000000000000        3.4050886912653350E-015
  -479.00000000000000        3.0191862079019747E-015
  -480.00000000000000        2.8175391298324635E-015
  -481.00000000000000        3.6093046788716288E-015
  -482.00000000000000        3.5133576534508586E-015
  -483.00000000000000        3.1946088192312151E-015
  -484.00000000000000        2.6156906004870427E-015
  -485.00000000000000        2.8975938051286694E-015
  -486.00000000000000        2.9081728213668671E-015
  -487.00000000000000        2.7875418172754496E-015
  -488.00000000000000        2.6323775023208643E-015
  -489.00000000000000        3.3279577102349218E-015
  -490.00000000000000        3.7600888417515577E-015
  -491.00000000000000        3.8858055674952640E-015
  -492.00000000000000        3.1856269412232971E-015
  -493.00000000000000        4.0225316459549666E-015
  -494.00000000000000        3.9541814999496948E-015
  -495.00000000000000        3.2837775048697578E-015
  -496.00000000000000        2.6654370241056178E-015
  -497.00000000000000        3.0983520053524729E-015
  -498.00000000000000        3.5306082869612959E-015
  -499.00000000000000        3.3954565931953797E-015
  -500.00000000000000        2.8270566742144042E-015
  -501.00000000000000        3.0161448411287693E-015
  -502.00000000000000        3.2878152700910179E-015
  -503.00000000000000        3.1676565888603785E-015
  -504.00000000000000        2.5397727771284234E-015
  -505.00000000000000        2.7427829272887669E-015
  -506.00000000000000        2.6979976765670060E-015
  -507.00000000000000        2.5686286878936920E-015
  -508.00000000000000        2.3335728168344255E-015
  -509.00000000000000        2.3222697127452669E-015
  -510.00000000000000        1.4463950536663789E-015
  -511.00000000000000        1.6686232607173506E-015
   512.00000000000000        2.4729000380503670E-015
   511.00000000000000        1.6686232607171451E-015
   510.00000000000000        1.4463950536663657E-015
   509.00000000000000        2.3222697127452673E-015
   508.00000000000000        2.3335728168344105E-015
   507.00000000000000        2.5686286878937015E-015
   506.00000000000000        2.6979976765670135E-015
   505.00000000000000        2.7427829272887693E-015
   504.00000000000000        2.5397727771284246E-015
   503.00000000000000        3.1676565888603868E-015
   502.00000000000000        3.2878152700910183E-015
   501.00000000000000        3.0161448411287709E-015
   500.00000000000000        2.8270566742144011E-015
   499.00000000000000        3.3954565931953698E-015
   498.00000000000000        3.5306082869612978E-015
   497.00000000000000        3.0983520053524591E-015
   496.00000000000000        2.6654370241056178E-015
   495.00000000000000        3.2837775048697515E-015
   494.00000000000000        3.9541814999496995E-015
   493.00000000000000        4.0225316459549603E-015
   492.00000000000000        3.1856269412232979E-015
   491.00000000000000        3.8858055674952482E-015
   490.00000000000000        3.7600888417515538E-015
   489.00000000000000        3.3279577102349300E-015
   488.00000000000000        2.6323775023208647E-015
   487.00000000000000        2.7875418172754393E-015
   486.00000000000000        2.9081728213668628E-015
   485.00000000000000        2.8975938051286671E-015
   484.00000000000000        2.6156906004870431E-015
   483.00000000000000        3.1946088192312230E-015
   482.00000000000000        3.5133576534508929E-015
   481.00000000000000        3.6093046788716280E-015
   480.00000000000000        2.8175391298324631E-015
   479.00000000000000        3.0191862079019553E-015
   478.00000000000000        3.4050886912653358E-015
   477.00000000000000        3.3415782908456128E-015
   476.00000000000000        3.2194482019912413E-015
   475.00000000000000        3.2285061053946478E-015
   474.00000000000000        3.0173350809993396E-015
   473.00000000000000        2.9177963984447746E-015
   472.00000000000000        2.3481201350712491E-015
   471.00000000000000        2.6157356233784990E-015
   470.00000000000000        2.8604641763208501E-015
   469.00000000000000        2.6316232855103612E-015
   468.00000000000000        2.2902783375275578E-015
   467.00000000000000        2.9716838920219190E-015
   466.00000000000000        3.2087387359071171E-015
   465.00000000000000        3.1717558539354543E-015
   464.00000000000000        3.1097654458473369E-015
   463.00000000000000        3.7767705598061831E-015
   462.00000000000000        3.7617188588730098E-015
   461.00000000000000        3.4391490243509229E-015
   460.00000000000000        2.7107158868043351E-015
   459.00000000000000        3.2246987935238736E-015
   458.00000000000000        3.3445408829840075E-015
   457.00000000000000        2.9894566514005023E-015
   456.00000000000000        2.7564677753819116E-015
   455.00000000000000        3.1265720732154746E-015
   454.00000000000000        3.0751085085064594E-015
   453.00000000000000        2.9534272325453801E-015
   452.00000000000000        2.4868065672750868E-015
   451.00000000000000        2.6240982648932518E-015
   450.00000000000000        3.0756361689528857E-015
   449.00000000000000        3.4630467116159925E-015
   448.00000000000000        3.0271462054788857E-015
   447.00000000000000        3.3460002928361568E-015
   446.00000000000000        3.1874562771719035E-015
   445.00000000000000        3.1863328309133054E-015
   444.00000000000000        2.9185474566461166E-015
   443.00000000000000        3.6145926984919935E-015
   442.00000000000000        3.7201776109104379E-015
   441.00000000000000        3.3224953538299322E-015
   440.00000000000000        2.4070348734266835E-015
   439.00000000000000        2.9753101583990307E-015
   438.00000000000000        3.2244660381853545E-015
   437.00000000000000        3.0142501576530185E-015
   436.00000000000000        2.3816810929240828E-015
   435.00000000000000        2.6742931778029085E-015
   434.00000000000000        3.1547323374807505E-015
   433.00000000000000        3.3246421164055150E-015
   432.00000000000000        2.5691630829745893E-015
   431.00000000000000        3.0737895705881572E-015
   430.00000000000000        3.0298088869370287E-015
   429.00000000000000        2.6336421283830323E-015
   428.00000000000000        2.7502531477064152E-015
   427.00000000000000        3.2452208562974200E-015
   426.00000000000000        3.3636574794177118E-015
   425.00000000000000        3.1370555531491976E-015
   424.00000000000000        2.8058767998073404E-015
   423.00000000000000        3.5040972420520102E-015
   422.00000000000000        3.9297489680322746E-015
   421.00000000000000        3.7222819315188584E-015
   420.00000000000000        3.1195637890317796E-015
   419.00000000000000        3.7205760187026064E-015
   418.00000000000000        3.9426811875381396E-015
   417.00000000000000        3.2756972158189970E-015
   416.00000000000000        2.2175866413978391E-015
   415.00000000000000        2.8333279868324223E-015
   414.00000000000000        3.0468600848695086E-015
   413.00000000000000        3.2912707170156676E-015
   412.00000000000000        2.4460033037687393E-015
   411.00000000000000        2.5214493249130515E-015
   410.00000000000000        3.0337297905220746E-015
   409.00000000000000        2.8541558943686910E-015
   408.00000000000000        2.1484309262266613E-015
   407.00000000000000        2.3604488798326366E-015
   406.00000000000000        2.7287707750814442E-015
   405.00000000000000        2.8623119050517570E-015
   404.00000000000000        2.1534799249924294E-015
   403.00000000000000        2.7629659117511946E-015
   402.00000000000000        3.4520943496029017E-015
   401.00000000000000        3.3420216230518543E-015
   400.00000000000000        2.9296749147095809E-015
   399.00000000000000        3.6049008264178013E-015
   398.00000000000000        3.7728134171130224E-015
   397.00000000000000        3.3978801416204235E-015
   396.00000000000000        2.8917123535543865E-015
   395.00000000000000        3.6831656772222656E-015
   394.00000000000000        4.0537655997451573E-015
   393.00000000000000        4.1073977245951117E-015
   392.00000000000000        3.1823607770414215E-015
   391.00000000000000        3.3652494027772693E-015
   390.00000000000000        3.6407752697197659E-015
   389.00000000000000        3.5844716426744414E-015
   388.00000000000000        2.8160941006884523E-015
   387.00000000000000        3.2351166518065856E-015
   386.00000000000000        3.2989245560974108E-015
   385.00000000000000        3.1535163940048140E-015
   384.00000000000000        2.4069771253996930E-015
   383.00000000000000        2.9336578293976179E-015
   382.00000000000000        3.3087782460685520E-015
   381.00000000000000        3.1781163421796064E-015
   380.00000000000000        2.6863687709501310E-015
   379.00000000000000        3.1271518467384475E-015
   378.00000000000000        2.9798274531214068E-015
   377.00000000000000        2.7496541296415464E-015
   376.00000000000000        2.2815122529362111E-015
   375.00000000000000        2.7458003422375082E-015
   374.00000000000000        3.1391705436666535E-015
   373.00000000000000        3.1033498660483842E-015
   372.00000000000000        2.4581647494552675E-015
   371.00000000000000        3.0188591091891643E-015
   370.00000000000000        3.1935066623725448E-015
   369.00000000000000        2.7512082015107206E-015
   368.00000000000000        2.3205441491518259E-015
   367.00000000000000        2.8767748026817535E-015
   366.00000000000000        3.0942163793302420E-015
   365.00000000000000        3.0170622035456164E-015
   364.00000000000000        2.6226687177585629E-015
   363.00000000000000        3.2741009186470179E-015
   362.00000000000000        3.6571117595826457E-015
   361.00000000000000        3.4042685500810932E-015
   360.00000000000000        2.9463315751909548E-015
   359.00000000000000        3.5276511310318887E-015
   358.00000000000000        4.0522500684493956E-015
   357.00000000000000        3.9414289216770331E-015
   356.00000000000000        2.7993630818689287E-015
   355.00000000000000        4.1046466968730145E-015
   354.00000000000000        4.6351347325565980E-015
   353.00000000000000        4.0497464973389842E-015
   352.00000000000000        3.0760402122098054E-015
   351.00000000000000        3.5440366554549571E-015
   350.00000000000000        3.5886555881667892E-015
   349.00000000000000        3.4432289917920643E-015
   348.00000000000000        2.9361567709073925E-015
   347.00000000000000        3.1120552443818853E-015
   346.00000000000000        3.2654569183812028E-015
   345.00000000000000        3.5378200742820592E-015
   344.00000000000000        3.2842462930927378E-015
   343.00000000000000        3.5104354467648088E-015
   342.00000000000000        3.3199198641654752E-015
   341.00000000000000        3.0409597473086863E-015
   340.00000000000000        2.5484467551484652E-015
   339.00000000000000        2.8507079333176071E-015
   338.00000000000000        2.6595474269048207E-015
   337.00000000000000        2.7730826575102587E-015
   336.00000000000000        3.0605768310969721E-015
   335.00000000000000        3.4105609619612342E-015
   334.00000000000000        3.7029770531032003E-015
   333.00000000000000        4.1685730647553538E-015
   332.00000000000000        3.2685124478729844E-015
   331.00000000000000        4.2782622180548747E-015
   330.00000000000000        4.6413736382394660E-015
   329.00000000000000        4.0144464828308528E-015
   328.00000000000000        3.3163060049095583E-015
   327.00000000000000        3.9660949175543873E-015
   326.00000000000000        3.6938706622300420E-015
   325.00000000000000        3.4738439290184536E-015
   324.00000000000000        3.1085835246730588E-015
   323.00000000000000        3.4460136338185860E-015
   322.00000000000000        3.9418774876408071E-015
   321.00000000000000        4.1634554022205725E-015
   320.00000000000000        3.1509961863029095E-015
   319.00000000000000        3.8025335424654578E-015
   318.00000000000000        3.7203510635250861E-015
   317.00000000000000        3.3309643789378374E-015
   316.00000000000000        3.4919147046124736E-015
   315.00000000000000        4.3639148374420691E-015
   314.00000000000000        4.3208247135963433E-015
   313.00000000000000        4.4062569579418821E-015
   312.00000000000000        3.5637651244642128E-015
   311.00000000000000        3.8321107614339871E-015
   310.00000000000000        4.3994908443176754E-015
   309.00000000000000        4.3378490268947376E-015
   308.00000000000000        3.4740115246762392E-015
   307.00000000000000        4.5878842019966132E-015
   306.00000000000000        5.5402495385429882E-015
   305.00000000000000        5.2228329394868980E-015
   304.00000000000000        3.5955180538327983E-015
   303.00000000000000        4.5701667189922314E-015
   302.00000000000000        4.8289183962753079E-015
   301.00000000000000        4.3633964021758777E-015
   300.00000000000000        4.1014316098458777E-015
   299.00000000000000        4.3391446495247923E-015
   298.00000000000000        4.2649779429691822E-015
   297.00000000000000        4.6367137175149624E-015
   296.00000000000000        4.5226036453326831E-015
   295.00000000000000        5.1061603688812541E-015
   294.00000000000000        4.7754062179009262E-015
   293.00000000000000        5.0311065793530051E-015
   292.00000000000000        4.4326520311554047E-015
   291.00000000000000        4.7600937324697410E-015
   290.00000000000000        4.8274236042925622E-015
   289.00000000000000        4.9141255493543908E-015
   288.00000000000000        4.3465472660696679E-015
   287.00000000000000        4.3934290623687026E-015
   286.00000000000000        4.8672584676461878E-015
   285.00000000000000        5.0970247927445197E-015
   284.00000000000000        4.5217477498022462E-015
   283.00000000000000        6.2999479856773638E-015
   282.00000000000000        6.6653707717196650E-015
   281.00000000000000        6.1115679305744765E-015
   280.00000000000000        4.9416722573712529E-015
   279.00000000000000        5.4316829304213213E-015
   278.00000000000000        5.6941652373245822E-015
   277.00000000000000        5.8149105606737207E-015
   276.00000000000000        5.1767338878102674E-015
   275.00000000000000        5.4116419829873454E-015
   274.00000000000000        5.6857892624906127E-015
   273.00000000000000        6.1778154960221633E-015
   272.00000000000000        5.8441935758542150E-015
   271.00000000000000        5.9415710475761293E-015
   270.00000000000000        5.8925311632242427E-015
   269.00000000000000        6.1936617649985124E-015
   268.00000000000000        5.4408322296269493E-015
   267.00000000000000        6.4454261824573437E-015
   266.00000000000000        6.5277830430584981E-015
   265.00000000000000        6.1758806077875524E-015
   264.00000000000000        5.6841568904992908E-015
   263.00000000000000        6.9893238222009352E-015
   262.00000000000000        7.4072495435085739E-015
   261.00000000000000        6.6963375743123617E-015
   260.00000000000000        5.8777641103910481E-015
   259.00000000000000        7.0144852745685090E-015
   258.00000000000000        7.4152298644697778E-015
   257.00000000000000        7.1692188169540530E-015
   256.00000000000000        5.4424066578075029E-015
   255.00000000000000        6.5263186364196193E-015
   254.00000000000000        7.1237836751922944E-015
   253.00000000000000        7.1378819908523338E-015
   252.00000000000000        6.2879091278301381E-015
   251.00000000000000        7.2569905814463949E-015
   250.00000000000000        7.8256615661637694E-015
   249.00000000000000        7.7602702203167814E-015
   248.00000000000000        7.5699257830249647E-015
   247.00000000000000        8.9189281392913113E-015
   246.00000000000000        8.7148315704889780E-015
   245.00000000000000        8.3548142059823123E-015
   244.00000000000000        8.2037644011893591E-015
   243.00000000000000        9.8074984103194780E-015
   242.00000000000000        9.7654569802082779E-015
   241.00000000000000        8.7677656440965295E-015
   240.00000000000000        7.2939582049620868E-015
   239.00000000000000        8.8387166182746894E-015
   238.00000000000000        9.4077362588036546E-015
   237.00000000000000        8.7284681377150288E-015
   236.00000000000000        7.2327243985716613E-015
   235.00000000000000        9.6164527276407148E-015
   234.00000000000000        1.0607482660655695E-014
   233.00000000000000        9.9407679411823577E-015
   232.00000000000000        7.6776305474470055E-015
   231.00000000000000        1.0188586933083104E-014
   230.00000000000000        1.1328985941305242E-014
   229.00000000000000        1.0572378466267805E-014
   228.00000000000000        8.4644075089859141E-015
   227.00000000000000        9.0620183233874579E-015
   226.00000000000000        1.0341520993683068E-014
   225.00000000000000        1.0776779364053912E-014
   224.00000000000000        9.5817840983238577E-015
   223.00000000000000        1.0161948010102901E-014
   222.00000000000000        1.0531832558404614E-014
   221.00000000000000        1.0404772790750166E-014
   220.00000000000000        8.7088603097541405E-015
   219.00000000000000        1.0071828005218835E-014
   218.00000000000000        1.1017532445835270E-014
   217.00000000000000        1.0753427408792277E-014
   216.00000000000000        9.3859361360956634E-015
   215.00000000000000        1.1088829471281266E-014
   214.00000000000000        1.1993962281956906E-014
   213.00000000000000        1.0994239777059653E-014
   212.00000000000000        9.3760771621970277E-015
   211.00000000000000        1.1481402354187069E-014
   210.00000000000000        1.3190270982825290E-014
   209.00000000000000        1.2265746740477671E-014
   208.00000000000000        8.9784205162943783E-015
   207.00000000000000        1.1206452785705987E-014
   206.00000000000000        1.1748776062999789E-014
   205.00000000000000        1.0559579401807234E-014
   204.00000000000000        8.2736160689754224E-015
   203.00000000000000        8.9937985124700172E-015
   202.00000000000000        1.0371624058936539E-014
   201.00000000000000        1.0212457047299773E-014
   200.00000000000000        8.7533476745731661E-015
   199.00000000000000        9.9301908768148199E-015
   198.00000000000000        1.1586433903342264E-014
   197.00000000000000        1.1606847263134618E-014
   196.00000000000000        9.4258180594311991E-015
   195.00000000000000        1.2467770287789920E-014
   194.00000000000000        1.3347010312317388E-014
   193.00000000000000        1.1528482161103846E-014
   192.00000000000000        9.9028172917631183E-015
   191.00000000000000        1.2539340702553995E-014
   190.00000000000000        1.3373649341247647E-014
   189.00000000000000        1.1182306562262138E-014
   188.00000000000000        8.4411393823038161E-015
   187.00000000000000        1.1444067859839810E-014
   186.00000000000000        1.3011762081785821E-014
   185.00000000000000        1.1371598881444933E-014
   184.00000000000000        9.0773422967253907E-015
   183.00000000000000        1.3051650065332774E-014
   182.00000000000000        1.5257760735429973E-014
   181.00000000000000        1.3282105709872986E-014
   180.00000000000000        8.5181207290316751E-015
   179.00000000000000        1.0611704621876235E-014
   178.00000000000000        1.3710212090136387E-014
   177.00000000000000        1.3144046426250019E-014
   176.00000000000000        9.4048031932142464E-015
   175.00000000000000        9.3346260971224246E-015
   174.00000000000000        1.1610804694789347E-014
   173.00000000000000        1.2559929965792179E-014
   172.00000000000000        1.0080310218711600E-014
   171.00000000000000        1.1699181223006518E-014
   170.00000000000000        1.2036985882978073E-014
   169.00000000000000        1.0561634443288749E-014
   168.00000000000000        8.8365252799836715E-015
   167.00000000000000        1.1258978743357930E-014
   166.00000000000000        1.2063522852143115E-014
   165.00000000000000        1.0070337528403411E-014
   164.00000000000000        8.9472743392935111E-015
   163.00000000000000        1.3151678013395035E-014
   162.00000000000000        1.5440794474501725E-014
   161.00000000000000        1.3746843731971769E-014
   160.00000000000000        8.9115013258078901E-015
   159.00000000000000        1.2381051677134441E-014
   158.00000000000000        1.5244758660272269E-014
   157.00000000000000        1.3357997506730341E-014
   156.00000000000000        8.9527284678765301E-015
   155.00000000000000        1.1882684792489282E-014
   154.00000000000000        1.3342545462788327E-014
   153.00000000000000        1.2502599215093092E-014
   152.00000000000000        8.9823515862481296E-015
   151.00000000000000        9.8416818384811799E-015
   150.00000000000000        1.2710120283681567E-014
   149.00000000000000        1.2633989325773873E-014
   148.00000000000000        9.4946932970144343E-015
   147.00000000000000        1.1158328914598363E-014
   146.00000000000000        1.1762904114799226E-014
   145.00000000000000        1.1673757936121823E-014
   144.00000000000000        1.0566177346059479E-014
   143.00000000000000        1.1770029248003250E-014
   142.00000000000000        1.1721191888129030E-014
   141.00000000000000        9.9915989774045035E-015
   140.00000000000000        9.6890943475368968E-015
   139.00000000000000        1.2527268694373946E-014
   138.00000000000000        1.3299473948490261E-014
   137.00000000000000        1.3488592599830686E-014
   136.00000000000000        1.0524093997024639E-014
   135.00000000000000        1.3877518688416335E-014
   134.00000000000000        1.3800014711240339E-014
   133.00000000000000        1.1987650829225315E-014
   132.00000000000000        9.8079317214597521E-015
   131.00000000000000        1.2709633736338302E-014
   130.00000000000000        1.3120969187668485E-014
   129.00000000000000        1.3118703440863535E-014
   128.00000000000000        1.0356796219560081E-014
   127.00000000000000        1.3176551596150414E-014
   126.00000000000000        1.3319986152253245E-014
   125.00000000000000        1.2857129931802859E-014
   124.00000000000000        1.0780106019046859E-014
   123.00000000000000        1.4864199844651749E-014
   122.00000000000000        1.4114687766982474E-014
   121.00000000000000        1.3431642252215688E-014
   120.00000000000000        1.1785000905059147E-014
   119.00000000000000        1.4428432078321711E-014
   118.00000000000000        1.3307123403561159E-014
   117.00000000000000        1.3040594197180154E-014
   116.00000000000000        1.1241277574534975E-014
   115.00000000000000        1.3429624160619933E-014
   114.00000000000000        1.3401397013989264E-014
   113.00000000000000        1.4634511823019395E-014
   112.00000000000000        1.1779288376899819E-014
   111.00000000000000        1.5469084638195512E-014
   110.00000000000000        1.5270549877983671E-014
   109.00000000000000        1.6630401783259511E-014
   108.00000000000000        1.1957878106365758E-014
   107.00000000000000        1.7285632623854824E-014
   106.00000000000000        1.5940430659888491E-014
   105.00000000000000        1.5978780211294217E-014
   104.00000000000000        1.3239798932355187E-014
   103.00000000000000        1.7869565838828472E-014
   102.00000000000000        1.4727394196054730E-014
   101.00000000000000        1.5006915798663525E-014
   100.00000000000000        1.3624043422117040E-014
   99.000000000000000        1.7697825938152191E-014
   98.000000000000000        1.3874258619855639E-014
   97.000000000000000        1.4874692673630568E-014
   96.000000000000000        1.3356965656873523E-014
   95.000000000000000        1.7774588186606269E-014
   94.000000000000000        1.3558263878645787E-014
   93.000000000000000        1.6427815903393340E-014
   92.000000000000000        1.5458613346367939E-014
   91.000000000000000        1.6559090679937172E-014
   90.000000000000000        1.3218544923767828E-014
   89.000000000000000        1.7531993887505853E-014
   88.000000000000000        1.5737837074053275E-014
   87.000000000000000        1.7848287720884395E-014
   86.000000000000000        1.4595001447687506E-014
   85.000000000000000        2.1011349447111446E-014
   84.000000000000000        1.6293037551809057E-014
   83.000000000000000        1.8742218639800638E-014
   82.000000000000000        1.4861247579428349E-014
   81.000000000000000        2.0413572452931947E-014
   80.000000000000000        1.7358851814989146E-014
   79.000000000000000        2.1340617886394888E-014
   78.000000000000000        1.4807826529586675E-014
   77.000000000000000        2.0029298072969793E-014
   76.000000000000000        1.7188955526764024E-014
   75.000000000000000        2.2566609054406595E-014
   74.000000000000000        1.4075566099843184E-014
   73.000000000000000        1.8314026851815061E-014
   72.000000000000000        1.6644457215080728E-014
   71.000000000000000        2.2487257009575085E-014
   70.000000000000000        1.4260645582110084E-014
   69.000000000000000        1.8215890790245582E-014
   68.000000000000000        1.4965909889185073E-014
   67.000000000000000        2.0875205268323104E-014
   66.000000000000000        1.3920993893738997E-014
   65.000000000000000        2.1199918954462341E-014
   64.000000000000000        1.5621703130441638E-014
   63.000000000000000        1.9178647471540982E-014
   62.000000000000000        1.4339126469548702E-014
   61.000000000000000        2.3936948958924698E-014
   60.000000000000000        1.7041756086907116E-014
   59.000000000000000        2.1926246960576182E-014
   58.000000000000000        1.4356224114508906E-014
   57.000000000000000        2.3409011452833410E-014
   56.000000000000000        1.8138397336278038E-014
   55.000000000000000        2.4618679556158501E-014
   54.000000000000000        1.4812635968313452E-014
   53.000000000000000        2.2840732051642118E-014
   52.000000000000000        1.8159910189278922E-014
   51.000000000000000        2.7418429252780951E-014
   50.000000000000000        1.4497399838776056E-014
   49.000000000000000        2.1243518212907721E-014
   48.000000000000000        1.7848733622420505E-014
   47.000000000000000        2.6674124958792472E-014
   46.000000000000000        1.4049120608477452E-014
   45.000000000000000        2.0611811218719870E-014
   44.000000000000000        1.7432879841244362E-014
   43.000000000000000        2.6708452248504291E-014
   42.000000000000000        1.5299921177572117E-014
   41.000000000000000        2.4752081151539851E-014
   40.000000000000000        1.6676683755934052E-014
   39.000000000000000        2.3811552155299910E-014
   38.000000000000000        1.6124345796459755E-014
   37.000000000000000        2.8836081557170058E-014
   36.000000000000000        1.7689288013099768E-014
   35.000000000000000        2.4082117466986254E-014
   34.000000000000000        1.3547161102561680E-014
   33.000000000000000        2.5309960281677578E-014
   32.000000000000000        1.4739115927312968E-014
   31.000000000000000        2.3868609160687121E-014
   30.000000000000000        1.2889571168237504E-014
   29.000000000000000        2.1916029367468091E-014
   28.000000000000000        1.1817197179956723E-014
   27.000000000000000        2.3727485371489205E-014
   26.000000000000000        1.2265863681361359E-014
   25.000000000000000        2.0255559893374813E-014
   24.000000000000000        9.4113712993413898E-015
   23.000000000000000        2.1603778744947583E-014
   22.000000000000000        1.1523310067940507E-014
   21.000000000000000        2.1657222076289635E-014
   20.000000000000000        1.2387381779234861E-014
   19.000000000000000        2.1259377441294149E-014
   18.000000000000000        1.0719793341702463E-014
   17.000000000000000        2.3199754957352332E-014
   16.000000000000000        1.6436213713553316E-014
   15.000000000000000        2.1289570634740432E-014
   14.000000000000000        1.0525313958304741E-014
   13.000000000000000        2.4185007336051046E-014
   12.000000000000000        2.2693128617537369E-014
   11.000000000000000        2.4901649175556911E-014
   10.000000000000000        1.5884481001066479E-014
   9.0000000000000000        2.9003380300616255E-014
   8.0000000000000000        2.9593072981107247E-014
   7.0000000000000000        8.2783138612730976E-014
   6.0000000000000000        6.8184083952607453E-013
   5.0000000000000000        7.7547856740142284E-012
   4.0000000000000000        7.4230392198693687E-011
   3.0000000000000000        5.7178658228089937E-010
   2.0000000000000000        3.3289246091379642E-009
   1.0000000000000000        1.3142645003927755E-008
