  -0.0000000000000000        3.0983489862770555E-008
  -1.0000000000000000        3.1950981313666714E-002
  -2.0000000000000000        3.5564644166236894E-004
  -3.0000000000000000        6.0987753517955448E-003
  -4.0000000000000000        1.1477008633413758E-004
  -5.0000000000000000        1.3623575054214281E-002
  -6.0000000000000000        1.4536206427096334E-004
  -7.0000000000000000        7.1752084287887508E-003
  -8.0000000000000000        2.4938931156878716E-005
  -9.0000000000000000        1.4307334672965921E-002
  -10.000000000000000        1.8816321412836110E-004
  -11.000000000000000        5.4418905079487399E-003
  -12.000000000000000        1.8749210138522727E-004
  -13.000000000000000        2.7071767514323369E-003
  -14.000000000000000        1.3843482084141797E-004
  -15.000000000000000        7.5676755021959286E-004
  -16.000000000000000        4.0145195093971397E-005
  -17.000000000000000        9.5910920711277681E-005
  -18.000000000000000        6.2692618429778366E-006
  -19.000000000000000        1.0947018441759208E-005
  -20.000000000000000        1.3161101880837172E-006
  -21.000000000000000        2.3079724774276061E-006
  -22.000000000000000        4.5943589613297002E-007
  -23.000000000000000        8.7395679598587869E-007
  -24.000000000000000        2.1601515687565001E-007
  -25.000000000000000        4.4209793357475372E-007
  -26.000000000000000        1.3384892974727335E-007
  -27.000000000000000        3.5334070420509857E-007
  -28.000000000000000        6.2881935515582903E-008
  -29.000000000000000        2.5496377144588420E-007
  -30.000000000000000        5.7126746823238499E-008
  -31.000000000000000        2.5690657871283288E-007
  -32.000000000000000        2.6359346978875114E-008
  -33.000000000000000        2.1418185433605395E-007
  -34.000000000000000        4.0956670448520769E-008
  -35.000000000000000        2.1745816382270438E-007
  -36.000000000000000        1.9318620326785186E-008
  -37.000000000000000        2.4705194613940817E-007
  -38.000000000000000        3.7149134136851123E-008
  -39.000000000000000        2.1591128171351733E-007
  -40.000000000000000        1.4422672796443497E-008
  -41.000000000000000        2.3565015474889139E-007
  -42.000000000000000        4.4855716462239621E-008
  -43.000000000000000        2.1839942292349905E-007
  -44.000000000000000        1.3518530748957169E-008
  -45.000000000000000        2.1337652822946313E-007
  -46.000000000000000        4.8647866492491422E-008
  -47.000000000000000        2.1436117619013227E-007
  -48.000000000000000        1.3446388876119105E-008
  -49.000000000000000        2.2322658598176023E-007
  -50.000000000000000        4.1127941643700948E-008
  -51.000000000000000        2.2243300465223187E-007
  -52.000000000000000        1.2897737360191412E-008
  -53.000000000000000        2.5792694006049922E-007
  -54.000000000000000        4.0870318345868510E-008
  -55.000000000000000        2.3256549446270491E-007
  -56.000000000000000        1.2593258446416939E-008
  -57.000000000000000        2.3746929005362059E-007
  -58.000000000000000        4.6823909629568915E-008
  -59.000000000000000        2.3025034249206318E-007
  -60.000000000000000        1.2698058137482448E-008
  -61.000000000000000        2.2410015755735495E-007
  -62.000000000000000        4.5861498388566693E-008
  -63.000000000000000        2.3705458083398791E-007
  -64.000000000000000        1.3714733190763326E-008
  -65.000000000000000        2.3915303064306011E-007
  -66.000000000000000        4.4788620551780843E-008
  -67.000000000000000        2.3635368534702368E-007
  -68.000000000000000        1.4670939999035240E-008
  -69.000000000000000        2.3743124682680977E-007
  -70.000000000000000        4.5897730604559799E-008
  -71.000000000000000        2.4794653735805584E-007
  -72.000000000000000        1.4985167546342748E-008
  -73.000000000000000        2.4538894966608014E-007
  -74.000000000000000        4.6142143982507555E-008
  -75.000000000000000        2.6644083977697546E-007
  -76.000000000000000        1.7567661194174415E-008
  -77.000000000000000        2.8362361358256080E-007
  -78.000000000000000        4.8610599842413606E-008
  -79.000000000000000        2.7357518458653484E-007
  -80.000000000000000        1.7374574469355023E-008
  -81.000000000000000        3.1475016393102314E-007
  -82.000000000000000        4.4090652200123229E-008
  -83.000000000000000        2.9696729275214108E-007
  -84.000000000000000        1.6717063812441396E-008
  -85.000000000000000        2.5086580748710642E-007
  -86.000000000000000        4.1512219514565748E-008
  -87.000000000000000        2.9860643573152522E-007
  -88.000000000000000        1.5774176453593498E-008
  -89.000000000000000        2.8436773465302178E-007
  -90.000000000000000        3.8237019666776080E-008
  -91.000000000000000        2.9699171101221329E-007
  -92.000000000000000        1.7531071932649723E-008
  -93.000000000000000        2.8774580791913319E-007
  -94.000000000000000        4.0246644987877290E-008
  -95.000000000000000        3.0587203255971422E-007
  -96.000000000000000        1.7761123029607185E-008
  -97.000000000000000        2.7637932960553596E-007
  -98.000000000000000        3.5977339475693231E-008
  -99.000000000000000        2.9542102687185969E-007
  -100.00000000000000        1.7650710233538204E-008
  -101.00000000000000        2.7843840390551419E-007
  -102.00000000000000        4.1360577433028432E-008
  -103.00000000000000        2.8410489949618062E-007
  -104.00000000000000        1.9768895107062142E-008
  -105.00000000000000        2.7457341812599055E-007
  -106.00000000000000        4.1186591194022229E-008
  -107.00000000000000        2.8584331662195526E-007
  -108.00000000000000        1.9145347143619937E-008
  -109.00000000000000        2.6402256842056128E-007
  -110.00000000000000        3.7286127399736829E-008
  -111.00000000000000        2.7790434316301641E-007
  -112.00000000000000        1.8418088663079071E-008
  -113.00000000000000        2.4561225236919927E-007
  -114.00000000000000        3.3114331400907024E-008
  -115.00000000000000        2.6600342846006687E-007
  -116.00000000000000        1.8768611066464117E-008
  -117.00000000000000        2.6645762007255670E-007
  -118.00000000000000        3.5193083142792344E-008
  -119.00000000000000        2.7078052280026835E-007
  -120.00000000000000        1.9436161848856293E-008
  -121.00000000000000        2.7091443779188277E-007
  -122.00000000000000        3.3910167987593506E-008
  -123.00000000000000        2.5524124156468357E-007
  -124.00000000000000        1.8506123111664605E-008
  -125.00000000000000        2.9484905450199469E-007
  -126.00000000000000        3.5340040515415522E-008
  -127.00000000000000        2.4808261380029191E-007
  -128.00000000000000        1.6720130403068329E-008
  -129.00000000000000        3.0161410639067328E-007
  -130.00000000000000        3.2492863547458501E-008
  -131.00000000000000        2.6534581170769166E-007
  -132.00000000000000        1.6467450803227681E-008
  -133.00000000000000        2.8982381752771117E-007
  -134.00000000000000        3.0023990667584711E-008
  -135.00000000000000        2.5359595489198555E-007
  -136.00000000000000        1.5135579493627682E-008
  -137.00000000000000        3.0357448350008822E-007
  -138.00000000000000        3.2750628703265966E-008
  -139.00000000000000        2.7676871599600895E-007
  -140.00000000000000        1.4640304674145572E-008
  -141.00000000000000        2.8417668670282399E-007
  -142.00000000000000        3.2821137496748369E-008
  -143.00000000000000        2.7285645144398821E-007
  -144.00000000000000        1.6275816814676425E-008
  -145.00000000000000        3.0482771664323283E-007
  -146.00000000000000        3.5161183844831669E-008
  -147.00000000000000        2.9150828069573550E-007
  -148.00000000000000        1.4822507872478191E-008
  -149.00000000000000        3.3919437521549841E-007
  -150.00000000000000        3.1725900820013434E-008
  -151.00000000000000        3.0712853106988566E-007
  -152.00000000000000        1.4333252097453782E-008
  -153.00000000000000        3.5037671269803088E-007
  -154.00000000000000        3.2236483440171626E-008
  -155.00000000000000        3.2969967927629155E-007
  -156.00000000000000        1.4371908826155378E-008
  -157.00000000000000        3.4198312950221009E-007
  -158.00000000000000        3.1539188402204406E-008
  -159.00000000000000        3.3922473719530623E-007
  -160.00000000000000        1.3815561692547857E-008
  -161.00000000000000        3.4564471415042815E-007
  -162.00000000000000        3.3190920052689218E-008
  -163.00000000000000        3.5534095848857140E-007
  -164.00000000000000        1.2930793275494138E-008
  -165.00000000000000        3.9888868195205982E-007
  -166.00000000000000        2.8315724662493471E-008
  -167.00000000000000        3.6907190656732439E-007
  -168.00000000000000        1.4013495874065140E-008
  -169.00000000000000        3.7985248269243245E-007
  -170.00000000000000        3.2645251412414687E-008
  -171.00000000000000        3.6640897484650482E-007
  -172.00000000000000        1.3938753677710686E-008
  -173.00000000000000        3.9644334815236602E-007
  -174.00000000000000        3.4880992534642508E-008
  -175.00000000000000        3.7916770230391590E-007
  -176.00000000000000        1.5714416962753246E-008
  -177.00000000000000        3.9295954522113562E-007
  -178.00000000000000        3.1265738526422764E-008
  -179.00000000000000        3.7502236792997112E-007
  -180.00000000000000        1.3497330416565658E-008
  -181.00000000000000        3.7243793205724506E-007
  -182.00000000000000        3.0230967115292620E-008
  -183.00000000000000        3.5938556566478682E-007
  -184.00000000000000        1.4183094113400558E-008
  -185.00000000000000        3.6408831321614110E-007
  -186.00000000000000        3.3401098061381884E-008
  -187.00000000000000        3.7895970818359593E-007
  -188.00000000000000        1.3702011526444798E-008
  -189.00000000000000        3.6516539472601327E-007
  -190.00000000000000        3.2803273118353800E-008
  -191.00000000000000        3.4016886953676370E-007
  -192.00000000000000        1.4673305919964194E-008
  -193.00000000000000        3.2038957573295833E-007
  -194.00000000000000        3.2690114617071192E-008
  -195.00000000000000        3.2970847954044952E-007
  -196.00000000000000        1.5016672489485043E-008
  -197.00000000000000        3.0605772884685490E-007
  -198.00000000000000        3.4107256235161993E-008
  -199.00000000000000        3.1419995088675135E-007
  -200.00000000000000        1.5678588596831348E-008
  -201.00000000000000        3.0267429211066565E-007
  -202.00000000000000        3.4438114996155040E-008
  -203.00000000000000        3.0153117912220818E-007
  -204.00000000000000        1.4289440141622947E-008
  -205.00000000000000        2.8097983791349111E-007
  -206.00000000000000        3.4368037574038234E-008
  -207.00000000000000        2.9244538569161986E-007
  -208.00000000000000        1.2853446568185760E-008
  -209.00000000000000        2.7944217576645547E-007
  -210.00000000000000        3.7447264004545836E-008
  -211.00000000000000        2.8668161570152720E-007
  -212.00000000000000        1.4918912993597048E-008
  -213.00000000000000        2.7556461767973455E-007
  -214.00000000000000        3.3752424821496273E-008
  -215.00000000000000        2.8197622462789346E-007
  -216.00000000000000        1.5436189953148418E-008
  -217.00000000000000        2.4850792852658688E-007
  -218.00000000000000        3.1933530301342522E-008
  -219.00000000000000        2.8195088482145635E-007
  -220.00000000000000        1.4120390489310019E-008
  -221.00000000000000        2.4315342845547799E-007
  -222.00000000000000        3.0439718242059315E-008
  -223.00000000000000        2.4113705309764940E-007
  -224.00000000000000        1.3676044467907280E-008
  -225.00000000000000        2.2928645029343749E-007
  -226.00000000000000        2.9782455197135544E-008
  -227.00000000000000        2.4529348731924777E-007
  -228.00000000000000        1.2917761048490277E-008
  -229.00000000000000        2.5482860854412787E-007
  -230.00000000000000        2.8315858430794165E-008
  -231.00000000000000        2.2749955407093291E-007
  -232.00000000000000        1.3050636081258733E-008
  -233.00000000000000        2.4685586268020282E-007
  -234.00000000000000        2.7262829894588241E-008
  -235.00000000000000        2.3342364196094936E-007
  -236.00000000000000        1.6194365981248514E-008
  -237.00000000000000        2.6413438928847847E-007
  -238.00000000000000        2.5701715218458578E-008
  -239.00000000000000        2.3518763429902881E-007
  -240.00000000000000        1.3454652240103042E-008
  -241.00000000000000        2.5168273489060560E-007
  -242.00000000000000        2.1913217074844181E-008
  -243.00000000000000        2.3221366507312533E-007
  -244.00000000000000        1.3364830370768926E-008
  -245.00000000000000        2.5560458972627507E-007
  -246.00000000000000        2.3112788534141969E-008
  -247.00000000000000        2.3750329052574364E-007
  -248.00000000000000        1.4371512827184063E-008
  -249.00000000000000        2.4512904496800677E-007
  -250.00000000000000        2.3036728888355416E-008
  -251.00000000000000        2.1973607306709494E-007
  -252.00000000000000        1.4835688448653041E-008
  -253.00000000000000        2.5571037008964549E-007
  -254.00000000000000        2.2057044041324406E-008
  -255.00000000000000        2.3379303163808417E-007
  -256.00000000000000        1.5623342048294116E-008
  -257.00000000000000        2.4024302839982916E-007
  -258.00000000000000        2.0362562654102884E-008
  -259.00000000000000        2.4409192829172108E-007
  -260.00000000000000        1.6082286263477324E-008
  -261.00000000000000        2.3822080149005874E-007
  -262.00000000000000        2.0331174544472078E-008
  -263.00000000000000        2.6784918643164700E-007
  -264.00000000000000        1.6324726204797920E-008
  -265.00000000000000        2.5583880565317792E-007
  -266.00000000000000        2.1794443834933901E-008
  -267.00000000000000        2.5315841027132782E-007
  -268.00000000000000        1.7903298789085363E-008
  -269.00000000000000        2.7448693626104748E-007
  -270.00000000000000        2.1628006951209283E-008
  -271.00000000000000        2.6195667779452343E-007
  -272.00000000000000        1.8662983166650749E-008
  -273.00000000000000        2.7069212166764266E-007
  -274.00000000000000        2.3314771873560650E-008
  -275.00000000000000        2.5254374351601076E-007
  -276.00000000000000        1.7772295852681456E-008
  -277.00000000000000        2.5656594585598607E-007
  -278.00000000000000        2.4379842767474233E-008
  -279.00000000000000        2.6268575048654358E-007
  -280.00000000000000        2.0626039833052074E-008
  -281.00000000000000        2.7179674904845489E-007
  -282.00000000000000        2.3479197736577976E-008
  -283.00000000000000        2.6210629314852628E-007
  -284.00000000000000        2.2747892671464162E-008
  -285.00000000000000        2.6873877077222236E-007
  -286.00000000000000        2.3362192067216332E-008
  -287.00000000000000        2.6756064491966682E-007
  -288.00000000000000        2.0502169906695706E-008
  -289.00000000000000        2.5442345674293367E-007
  -290.00000000000000        2.4753993368441669E-008
  -291.00000000000000        2.6184774359033765E-007
  -292.00000000000000        2.1652221398728066E-008
  -293.00000000000000        2.5531312129365337E-007
  -294.00000000000000        2.5844045780725283E-008
  -295.00000000000000        2.5328646880963910E-007
  -296.00000000000000        2.1977016209276960E-008
  -297.00000000000000        2.6577910314445153E-007
  -298.00000000000000        2.9478318609729004E-008
  -299.00000000000000        2.7183301307195057E-007
  -300.00000000000000        2.5404196503529717E-008
  -301.00000000000000        2.3380743348107695E-007
  -302.00000000000000        2.6150703669569021E-008
  -303.00000000000000        2.4939081089538562E-007
  -304.00000000000000        2.1045542565277398E-008
  -305.00000000000000        2.2954314050762050E-007
  -306.00000000000000        2.6690466824525474E-008
  -307.00000000000000        2.3937622390704955E-007
  -308.00000000000000        2.5544178699419216E-008
  -309.00000000000000        2.3815953556414326E-007
  -310.00000000000000        2.7539834410355968E-008
  -311.00000000000000        2.4925626433577995E-007
  -312.00000000000000        1.9286257780952897E-008
  -313.00000000000000        2.4323750356420409E-007
  -314.00000000000000        2.6573052387261871E-008
  -315.00000000000000        2.4664939954432634E-007
  -316.00000000000000        3.0133599794728357E-008
  -317.00000000000000        2.4662819743634601E-007
  -318.00000000000000        3.4371413577785539E-008
  -319.00000000000000        2.7418675008637535E-007
  -320.00000000000000        2.3650484400423142E-008
  -321.00000000000000        2.4203484922762244E-007
  -322.00000000000000        2.9001611087216775E-008
  -323.00000000000000        2.4444232504112710E-007
  -324.00000000000000        3.0370431287108119E-008
  -325.00000000000000        2.3712497261600773E-007
  -326.00000000000000        3.1379768308707232E-008
  -327.00000000000000        2.5937421558966518E-007
  -328.00000000000000        2.1639129832983345E-008
  -329.00000000000000        2.3173243508098560E-007
  -330.00000000000000        2.7129470622893509E-008
  -331.00000000000000        2.5818886962559438E-007
  -332.00000000000000        2.5217280607017771E-008
  -333.00000000000000        2.5026509204368558E-007
  -334.00000000000000        3.1072489542467940E-008
  -335.00000000000000        2.6894559382316397E-007
  -336.00000000000000        2.3469076043951829E-008
  -337.00000000000000        2.4696686014100524E-007
  -338.00000000000000        2.8136126441287068E-008
  -339.00000000000000        2.4845212847678851E-007
  -340.00000000000000        2.8330834206264369E-008
  -341.00000000000000        2.4042474264703187E-007
  -342.00000000000000        3.5737891766366500E-008
  -343.00000000000000        2.6075551925442414E-007
  -344.00000000000000        2.7627528887429304E-008
  -345.00000000000000        2.3703801219926341E-007
  -346.00000000000000        3.2528996078106786E-008
  -347.00000000000000        2.7292713334581568E-007
  -348.00000000000000        2.5303112988747628E-008
  -349.00000000000000        2.4244354658691733E-007
  -350.00000000000000        2.9482981371442265E-008
  -351.00000000000000        2.8815608152946529E-007
  -352.00000000000000        2.5274279122182377E-008
  -353.00000000000000        2.4519821109716359E-007
  -354.00000000000000        3.1438543383696050E-008
  -355.00000000000000        2.6884655284707627E-007
  -356.00000000000000        2.6737591017765189E-008
  -357.00000000000000        2.5862116421267553E-007
  -358.00000000000000        3.3186567443863226E-008
  -359.00000000000000        2.7194448590638164E-007
  -360.00000000000000        2.6519899743426136E-008
  -361.00000000000000        2.3194238629284290E-007
  -362.00000000000000        3.2723812761298379E-008
  -363.00000000000000        2.4449620191984431E-007
  -364.00000000000000        2.9544078889686232E-008
  -365.00000000000000        2.5001592959643927E-007
  -366.00000000000000        3.5703880684305743E-008
  -367.00000000000000        2.5416015020710766E-007
  -368.00000000000000        2.6990510094439471E-008
  -369.00000000000000        2.2657082271244038E-007
  -370.00000000000000        3.0690020571886423E-008
  -371.00000000000000        2.4888852800906077E-007
  -372.00000000000000        2.4561411525929811E-008
  -373.00000000000000        2.2050544821290579E-007
  -374.00000000000000        3.0291959659721915E-008
  -375.00000000000000        2.4138366580488344E-007
  -376.00000000000000        2.5790570359618172E-008
  -377.00000000000000        2.2769898124207295E-007
  -378.00000000000000        3.2099748986427904E-008
  -379.00000000000000        2.3767677760159189E-007
  -380.00000000000000        2.6455973655970038E-008
  -381.00000000000000        2.2413287520676329E-007
  -382.00000000000000        3.0338053849522043E-008
  -383.00000000000000        2.5377516893736756E-007
  -384.00000000000000        2.3174702192984111E-008
  -385.00000000000000        2.3059537291535768E-007
  -386.00000000000000        2.6172928359425642E-008
  -387.00000000000000        2.4745306840559063E-007
  -388.00000000000000        1.9623929011339331E-008
  -389.00000000000000        2.4159929023491592E-007
  -390.00000000000000        2.9845455145748863E-008
  -391.00000000000000        2.6216627039139809E-007
  -392.00000000000000        2.2792556241288236E-008
  -393.00000000000000        2.4075330089095461E-007
  -394.00000000000000        2.8702680374682122E-008
  -395.00000000000000        2.5673931090905894E-007
  -396.00000000000000        2.2779676607203124E-008
  -397.00000000000000        2.2912724491811317E-007
  -398.00000000000000        2.9671387291445047E-008
  -399.00000000000000        2.4455343660195405E-007
  -400.00000000000000        2.2089006845258882E-008
  -401.00000000000000        2.2731444211400694E-007
  -402.00000000000000        2.8051802956672076E-008
  -403.00000000000000        2.3183516001901436E-007
  -404.00000000000000        2.2246424947251870E-008
  -405.00000000000000        2.2579711411323598E-007
  -406.00000000000000        2.5974606765594802E-008
  -407.00000000000000        2.3403177180987714E-007
  -408.00000000000000        1.9491974923994700E-008
  -409.00000000000000        2.2399888130196297E-007
  -410.00000000000000        2.5817101318451650E-008
  -411.00000000000000        2.3663862058955341E-007
  -412.00000000000000        1.8545736719167687E-008
  -413.00000000000000        2.2535289119033624E-007
  -414.00000000000000        2.3599624082227380E-008
  -415.00000000000000        2.2604986558497882E-007
  -416.00000000000000        1.6916615248530308E-008
  -417.00000000000000        2.1862382974513745E-007
  -418.00000000000000        2.4730278472443326E-008
  -419.00000000000000        2.1044455303111864E-007
  -420.00000000000000        1.7629312033775325E-008
  -421.00000000000000        2.0391889793692547E-007
  -422.00000000000000        2.2994108412156837E-008
  -423.00000000000000        2.1973665842852689E-007
  -424.00000000000000        1.7046885681491078E-008
  -425.00000000000000        2.0961183983580432E-007
  -426.00000000000000        2.2615406629713060E-008
  -427.00000000000000        2.1476576186243758E-007
  -428.00000000000000        1.5281304883918804E-008
  -429.00000000000000        2.0449064300209442E-007
  -430.00000000000000        2.1852911896325175E-008
  -431.00000000000000        1.8999696145788549E-007
  -432.00000000000000        1.4928042810681268E-008
  -433.00000000000000        1.9912821397564321E-007
  -434.00000000000000        2.0941610154777028E-008
  -435.00000000000000        1.9579517575683367E-007
  -436.00000000000000        1.4431584063659962E-008
  -437.00000000000000        1.8223492916782393E-007
  -438.00000000000000        1.9451277717220237E-008
  -439.00000000000000        1.8894294764032532E-007
  -440.00000000000000        1.3260984146531881E-008
  -441.00000000000000        1.8348788278948103E-007
  -442.00000000000000        1.7731792320355960E-008
  -443.00000000000000        1.8478705372239894E-007
  -444.00000000000000        1.2229885344028618E-008
  -445.00000000000000        1.9145090495578129E-007
  -446.00000000000000        2.0469297252188755E-008
  -447.00000000000000        1.8607833910216281E-007
  -448.00000000000000        1.3320552213951281E-008
  -449.00000000000000        1.8429379812899457E-007
  -450.00000000000000        1.8375902374118406E-008
  -451.00000000000000        1.9908713385594156E-007
  -452.00000000000000        1.1506257384980637E-008
  -453.00000000000000        2.0204513169081154E-007
  -454.00000000000000        1.6189494739141585E-008
  -455.00000000000000        1.8286714995522407E-007
  -456.00000000000000        1.0723878078168498E-008
  -457.00000000000000        1.9334820422272587E-007
  -458.00000000000000        1.5948714461054993E-008
  -459.00000000000000        1.7594774617326156E-007
  -460.00000000000000        1.0759648901819077E-008
  -461.00000000000000        1.9948972634922918E-007
  -462.00000000000000        1.8126399528780571E-008
  -463.00000000000000        1.9390185235617971E-007
  -464.00000000000000        1.0764674830770614E-008
  -465.00000000000000        1.9163481406998154E-007
  -466.00000000000000        1.7455608106685810E-008
  -467.00000000000000        1.8632984016126351E-007
  -468.00000000000000        1.0449737782574688E-008
  -469.00000000000000        1.9594034062668829E-007
  -470.00000000000000        1.4473814289669338E-008
  -471.00000000000000        1.7444226591242310E-007
  -472.00000000000000        1.0337034369487214E-008
  -473.00000000000000        1.7379132154933011E-007
  -474.00000000000000        1.5259219409092252E-008
  -475.00000000000000        1.7657498484800021E-007
  -476.00000000000000        9.0233708329134453E-009
  -477.00000000000000        1.7361935342351409E-007
  -478.00000000000000        1.6231115995882218E-008
  -479.00000000000000        1.6612641682549514E-007
  -480.00000000000000        9.1105251412119220E-009
  -481.00000000000000        1.9050904203302735E-007
  -482.00000000000000        1.3890983624004758E-008
  -483.00000000000000        1.7404849601606183E-007
  -484.00000000000000        8.6595672852652635E-009
  -485.00000000000000        1.8954620150497300E-007
  -486.00000000000000        1.5486737357494468E-008
  -487.00000000000000        1.8686839150986052E-007
  -488.00000000000000        8.8905260315302781E-009
  -489.00000000000000        1.7914218760349027E-007
  -490.00000000000000        1.4222382489954635E-008
  -491.00000000000000        1.9361084979111893E-007
  -492.00000000000000        9.3706588894803128E-009
  -493.00000000000000        1.9506705682554195E-007
  -494.00000000000000        1.5171500764707963E-008
  -495.00000000000000        1.7404057732403530E-007
  -496.00000000000000        9.1139789870706026E-009
  -497.00000000000000        1.8957405630495443E-007
  -498.00000000000000        1.3771075203756110E-008
  -499.00000000000000        1.7237721974277953E-007
  -500.00000000000000        7.7957174986340056E-009
  -501.00000000000000        1.8622465107397321E-007
  -502.00000000000000        1.4576314410762171E-008
  -503.00000000000000        2.0681590314837443E-007
  -504.00000000000000        8.7645255382707273E-009
  -505.00000000000000        1.8036644068394874E-007
  -506.00000000000000        1.2606218411931437E-008
  -507.00000000000000        1.3721389316069494E-007
  -508.00000000000000        7.4713921158683785E-009
  -509.00000000000000        2.1244773681278872E-007
  -510.00000000000000        1.4684297020096445E-008
  -511.00000000000000        2.1217766967795149E-007
   512.00000000000000        8.1946531628628680E-009
   511.00000000000000        1.7575401733291170E-007
   510.00000000000000        1.3304355701351557E-008
   509.00000000000000        1.9673462336376111E-007
   508.00000000000000        8.3388255981526494E-009
   507.00000000000000        1.6085580541509159E-007
   506.00000000000000        1.2566939516819326E-008
   505.00000000000000        1.7170522297518779E-007
   504.00000000000000        8.3728995256031385E-009
   503.00000000000000        1.7528421908213210E-007
   502.00000000000000        1.3528220545049281E-008
   501.00000000000000        1.8218432553509144E-007
   500.00000000000000        7.9006420789260080E-009
   499.00000000000000        1.8299953993622449E-007
   498.00000000000000        1.3817387884452310E-008
   497.00000000000000        1.8392972875204895E-007
   496.00000000000000        8.5903598386944404E-009
   495.00000000000000        1.8705836298746952E-007
   494.00000000000000        1.5689894873435338E-008
   493.00000000000000        1.8487458560230803E-007
   492.00000000000000        9.1380061957632347E-009
   491.00000000000000        2.0132191684911034E-007
   490.00000000000000        1.5119049039656680E-008
   489.00000000000000        1.7350670118396687E-007
   488.00000000000000        9.3212105314355620E-009
   487.00000000000000        1.9517866906628615E-007
   486.00000000000000        1.5472556906664229E-008
   485.00000000000000        1.8832911782042734E-007
   484.00000000000000        8.9176224240383149E-009
   483.00000000000000        1.8653653527343645E-007
   482.00000000000000        1.3865186453029848E-008
   481.00000000000000        1.7707940310166383E-007
   480.00000000000000        9.2389937368777835E-009
   479.00000000000000        1.6968513388948876E-007
   478.00000000000000        1.6633120375494784E-008
   477.00000000000000        1.7709277860331303E-007
   476.00000000000000        9.7500823819388797E-009
   475.00000000000000        1.8868522361485406E-007
   474.00000000000000        1.5838359346647358E-008
   473.00000000000000        1.7194904641712824E-007
   472.00000000000000        1.1322618351558894E-008
   471.00000000000000        1.7878401250593586E-007
   470.00000000000000        1.4548117434939834E-008
   469.00000000000000        1.8565995663943934E-007
   468.00000000000000        1.0491469335475222E-008
   467.00000000000000        1.8036326774703634E-007
   466.00000000000000        1.6916421262412345E-008
   465.00000000000000        1.7803112770509013E-007
   464.00000000000000        1.0978209676020803E-008
   463.00000000000000        2.0168696675513798E-007
   462.00000000000000        1.9078420188168391E-008
   461.00000000000000        1.9311006194833920E-007
   460.00000000000000        1.1438169208219155E-008
   459.00000000000000        1.8735784685748057E-007
   458.00000000000000        1.6949409725218896E-008
   457.00000000000000        1.9014511344257784E-007
   456.00000000000000        1.1734653854145561E-008
   455.00000000000000        1.9085013366808249E-007
   454.00000000000000        1.7224977910819332E-008
   453.00000000000000        2.0417212276922119E-007
   452.00000000000000        1.1892675387338074E-008
   451.00000000000000        2.0210780735654069E-007
   450.00000000000000        1.8759414781687752E-008
   449.00000000000000        1.7820019760907166E-007
   448.00000000000000        1.3770232680110186E-008
   447.00000000000000        1.7978332907455297E-007
   446.00000000000000        2.1094317976228473E-008
   445.00000000000000        1.8960201507470855E-007
   444.00000000000000        1.3414020441887940E-008
   443.00000000000000        1.8977352749037511E-007
   442.00000000000000        1.8826529791430984E-008
   441.00000000000000        1.9120909161749166E-007
   440.00000000000000        1.3891712885084502E-008
   439.00000000000000        1.9274104668855419E-007
   438.00000000000000        2.0643197068226451E-008
   437.00000000000000        1.8696177529336383E-007
   436.00000000000000        1.5445921000731237E-008
   435.00000000000000        1.9197327299360851E-007
   434.00000000000000        2.1717379826308539E-008
   433.00000000000000        1.8604262379581557E-007
   432.00000000000000        1.6094724090193664E-008
   431.00000000000000        1.7397564680607947E-007
   430.00000000000000        2.2450916282115996E-008
   429.00000000000000        1.9553239223317914E-007
   428.00000000000000        1.5448055755202064E-008
   427.00000000000000        2.1122250222800777E-007
   426.00000000000000        2.2348021211272198E-008
   425.00000000000000        2.0659818880410574E-007
   424.00000000000000        1.7390335592722144E-008
   423.00000000000000        2.0853758212077788E-007
   422.00000000000000        2.4269627922806406E-008
   421.00000000000000        2.2446226935210163E-007
   420.00000000000000        1.8824053392543421E-008
   419.00000000000000        2.3058644602600532E-007
   418.00000000000000        2.7188186446766590E-008
   417.00000000000000        2.3523736264767153E-007
   416.00000000000000        1.8361219030385813E-008
   415.00000000000000        2.3156301290351094E-007
   414.00000000000000        2.5527128238178421E-008
   413.00000000000000        2.2517263077978084E-007
   412.00000000000000        1.9784646886949816E-008
   411.00000000000000        2.3578496690063862E-007
   410.00000000000000        2.7024900984310806E-008
   409.00000000000000        2.2994168857824405E-007
   408.00000000000000        2.0891985310292932E-008
   407.00000000000000        2.2391915997861076E-007
   406.00000000000000        2.6806346219959851E-008
   405.00000000000000        2.3280388126894314E-007
   404.00000000000000        2.2382583177060745E-008
   403.00000000000000        2.2882372106474951E-007
   402.00000000000000        2.8376344004232398E-008
   401.00000000000000        2.3134530287685864E-007
   400.00000000000000        2.2535849587743717E-008
   399.00000000000000        2.3866934295746709E-007
   398.00000000000000        3.0071274332680164E-008
   397.00000000000000        2.3690085469369691E-007
   396.00000000000000        2.2413485022754855E-008
   395.00000000000000        2.4965778563237191E-007
   394.00000000000000        3.0088207653499863E-008
   393.00000000000000        2.5439595817363620E-007
   392.00000000000000        2.2612422682747942E-008
   391.00000000000000        2.5118644917450636E-007
   390.00000000000000        2.8895441634136834E-008
   389.00000000000000        2.6783883491997027E-007
   388.00000000000000        1.9307999324047432E-008
   387.00000000000000        2.4268794299708384E-007
   386.00000000000000        2.6018009813857977E-008
   385.00000000000000        2.4448900598591764E-007
   384.00000000000000        2.2710292121961419E-008
   383.00000000000000        2.4083120326474803E-007
   382.00000000000000        3.1200621096829217E-008
   381.00000000000000        2.3711650659986148E-007
   380.00000000000000        2.5695941338731147E-008
   379.00000000000000        2.2680186268182917E-007
   378.00000000000000        3.0708511401014428E-008
   377.00000000000000        2.4641114722817318E-007
   376.00000000000000        2.4290104648635525E-008
   375.00000000000000        2.3946194156218662E-007
   374.00000000000000        3.0357839626554445E-008
   373.00000000000000        2.4029669395287387E-007
   372.00000000000000        2.3616926923934558E-008
   371.00000000000000        2.3260065202367464E-007
   370.00000000000000        2.8729648510609963E-008
   369.00000000000000        2.3553177398627676E-007
   368.00000000000000        2.4455659787564913E-008
   367.00000000000000        2.4775205405824174E-007
   366.00000000000000        3.3124239912018499E-008
   365.00000000000000        2.7057120960016574E-007
   364.00000000000000        2.7179215859195381E-008
   363.00000000000000        2.3228292425560051E-007
   362.00000000000000        3.0427365235255267E-008
   361.00000000000000        2.4543336425319410E-007
   360.00000000000000        2.4875563710169344E-008
   359.00000000000000        2.5199862930872269E-007
   358.00000000000000        3.0830912090257731E-008
   357.00000000000000        2.7800864203099392E-007
   356.00000000000000        2.5253162922511841E-008
   355.00000000000000        2.6094131732852678E-007
   354.00000000000000        3.0371963254916730E-008
   353.00000000000000        2.5205657660179559E-007
   352.00000000000000        2.3204923135492413E-008
   351.00000000000000        2.5241830665936743E-007
   350.00000000000000        2.7713476122353887E-008
   349.00000000000000        2.5361012822496427E-007
   348.00000000000000        2.4096084015678993E-008
   347.00000000000000        2.4617296193729302E-007
   346.00000000000000        3.0915004372939181E-008
   345.00000000000000        2.4857817381402917E-007
   344.00000000000000        2.5000915538585287E-008
   343.00000000000000        2.4463527981588567E-007
   342.00000000000000        3.4620445017794853E-008
   341.00000000000000        2.6420375185828281E-007
   340.00000000000000        2.7567012464666021E-008
   339.00000000000000        2.5059287249903286E-007
   338.00000000000000        2.7596652265487218E-008
   337.00000000000000        2.6074140071968158E-007
   336.00000000000000        2.2028127215325567E-008
   335.00000000000000        2.5830066576829293E-007
   334.00000000000000        2.9707832284642130E-008
   333.00000000000000        2.5979961917882928E-007
   332.00000000000000        2.4358503285713144E-008
   331.00000000000000        2.3426261835696115E-007
   330.00000000000000        2.7209614471549607E-008
   329.00000000000000        2.5881420016009962E-007
   328.00000000000000        2.2404700438174268E-008
   327.00000000000000        2.5438502438806141E-007
   326.00000000000000        3.2094395526633404E-008
   325.00000000000000        2.6665099075824130E-007
   324.00000000000000        2.9511556271764569E-008
   323.00000000000000        2.3283881736888836E-007
   322.00000000000000        2.7913135608802055E-008
   321.00000000000000        2.5249941225053133E-007
   320.00000000000000        2.2532808787073343E-008
   319.00000000000000        2.6171930230461486E-007
   318.00000000000000        3.5615795859416374E-008
   317.00000000000000        2.6161190485696377E-007
   316.00000000000000        3.1213741897019059E-008
   315.00000000000000        2.4933280010648418E-007
   314.00000000000000        2.7585889214437148E-008
   313.00000000000000        2.5479824567018032E-007
   312.00000000000000        1.9920106823745473E-008
   311.00000000000000        2.3382583809849973E-007
   310.00000000000000        2.6911802828478938E-008
   309.00000000000000        2.3771810025061408E-007
   308.00000000000000        2.4681723134306844E-008
   307.00000000000000        2.2625937907845596E-007
   306.00000000000000        2.8382427129496415E-008
   305.00000000000000        2.4060694387466238E-007
   304.00000000000000        2.2575680660004374E-008
   303.00000000000000        2.4229079798902723E-007
   302.00000000000000        2.7367211466669746E-008
   301.00000000000000        2.4825296095131362E-007
   300.00000000000000        2.6350083203542644E-008
   299.00000000000000        2.7523134443089589E-007
   298.00000000000000        3.0243170297948382E-008
   297.00000000000000        2.6546672065547721E-007
   296.00000000000000        2.3383965527964376E-008
   295.00000000000000        2.4561075647078904E-007
   294.00000000000000        2.7443342195391525E-008
   293.00000000000000        2.6346437051699209E-007
   292.00000000000000        2.3876287124821283E-008
   291.00000000000000        2.6186109094748372E-007
   290.00000000000000        2.7383093066118943E-008
   289.00000000000000        2.6479417874580848E-007
   288.00000000000000        2.1306991136979105E-008
   287.00000000000000        2.6564040716556554E-007
   286.00000000000000        2.5490840635988781E-008
   285.00000000000000        2.7738280859869160E-007
   284.00000000000000        2.3872821397115513E-008
   283.00000000000000        2.7199066450676326E-007
   282.00000000000000        2.4473653577632140E-008
   281.00000000000000        2.6013994693672120E-007
   280.00000000000000        2.0353136750883191E-008
   279.00000000000000        2.6392839237721066E-007
   278.00000000000000        2.5034638489935642E-008
   277.00000000000000        2.4617032493201486E-007
   276.00000000000000        1.9170904147575837E-008
   275.00000000000000        2.6404620975701261E-007
   274.00000000000000        2.4063254498986421E-008
   273.00000000000000        2.6391505592612121E-007
   272.00000000000000        1.9463962691007473E-008
   271.00000000000000        2.7841485753345776E-007
   270.00000000000000        2.2844518280059727E-008
   269.00000000000000        2.7158763435351900E-007
   268.00000000000000        1.9196415602040620E-008
   267.00000000000000        2.6150466525957292E-007
   266.00000000000000        2.4564450228086559E-008
   265.00000000000000        2.4523591622799771E-007
   264.00000000000000        1.8311701051849722E-008
   263.00000000000000        2.6893920271244824E-007
   262.00000000000000        2.2047961156658920E-008
   261.00000000000000        2.3667117246567820E-007
   260.00000000000000        1.8259260459366827E-008
   259.00000000000000        2.5358971762042126E-007
   258.00000000000000        2.2941925345051276E-008
   257.00000000000000        2.4554473669139227E-007
   256.00000000000000        1.6773355154874166E-008
   255.00000000000000        2.4283274807396988E-007
   254.00000000000000        2.2298179458240566E-008
   253.00000000000000        2.4360350771714447E-007
   252.00000000000000        1.5985730706866615E-008
   251.00000000000000        2.2502560980444779E-007
   250.00000000000000        2.3455425634665383E-008
   249.00000000000000        2.3914824664235825E-007
   248.00000000000000        1.5534855992246621E-008
   247.00000000000000        2.4587107337060380E-007
   246.00000000000000        2.4020128672834623E-008
   245.00000000000000        2.5285457248966012E-007
   244.00000000000000        1.3600610174599782E-008
   243.00000000000000        2.4815530837557763E-007
   242.00000000000000        2.3028758710735214E-008
   241.00000000000000        2.4305985456391537E-007
   240.00000000000000        1.5181141225813919E-008
   239.00000000000000        2.4762500912248742E-007
   238.00000000000000        2.6858986593131425E-008
   237.00000000000000        2.5680853267476800E-007
   236.00000000000000        1.6995632849577230E-008
   235.00000000000000        2.3612533467671214E-007
   234.00000000000000        2.8297966433475581E-008
   233.00000000000000        2.4119764702467354E-007
   232.00000000000000        1.4919040390056094E-008
   231.00000000000000        2.4229618480919098E-007
   230.00000000000000        2.9094630290005461E-008
   229.00000000000000        2.4552707794461637E-007
   228.00000000000000        1.4872514961504896E-008
   227.00000000000000        2.4147089211847022E-007
   226.00000000000000        3.1446152712308954E-008
   225.00000000000000        2.3586128741047924E-007
   224.00000000000000        1.6255294794270636E-008
   223.00000000000000        2.4247378242265444E-007
   222.00000000000000        3.0442150038308399E-008
   221.00000000000000        2.4694246954828826E-007
   220.00000000000000        1.5025076563580358E-008
   219.00000000000000        2.6715822080983589E-007
   218.00000000000000        3.0763913923333747E-008
   217.00000000000000        2.5575219034518821E-007
   216.00000000000000        1.5706210203123397E-008
   215.00000000000000        2.6090651307775284E-007
   214.00000000000000        3.2871262860428999E-008
   213.00000000000000        2.9389251601845379E-007
   212.00000000000000        1.6713551401698764E-008
   211.00000000000000        2.7990564935992681E-007
   210.00000000000000        3.7045414016010813E-008
   209.00000000000000        2.9288046221610399E-007
   208.00000000000000        1.4641317417572551E-008
   207.00000000000000        2.8773031409824663E-007
   206.00000000000000        3.4467400540702696E-008
   205.00000000000000        2.9323980145679027E-007
   204.00000000000000        1.6177256224939124E-008
   203.00000000000000        2.9124846538459399E-007
   202.00000000000000        3.2914262861851547E-008
   201.00000000000000        3.0869036377154345E-007
   200.00000000000000        1.6438030934708667E-008
   199.00000000000000        3.0302807976370693E-007
   198.00000000000000        3.3133875994740016E-008
   197.00000000000000        3.3514296581374977E-007
   196.00000000000000        1.5277575109173620E-008
   195.00000000000000        3.1220437525092138E-007
   194.00000000000000        3.3396378300052135E-008
   193.00000000000000        3.3973056681252130E-007
   192.00000000000000        1.5262040433172978E-008
   191.00000000000000        3.3994660606992855E-007
   190.00000000000000        3.3800283326918969E-008
   189.00000000000000        3.6488223114501555E-007
   188.00000000000000        1.3538346629335909E-008
   187.00000000000000        3.7650342452000575E-007
   186.00000000000000        3.4736224079999204E-008
   185.00000000000000        3.6051913574362329E-007
   184.00000000000000        1.3998076215327323E-008
   183.00000000000000        3.7016773150522420E-007
   182.00000000000000        3.0479086930261510E-008
   181.00000000000000        3.7479362217854046E-007
   180.00000000000000        1.4295336985607281E-008
   179.00000000000000        3.7856361817236985E-007
   178.00000000000000        3.2334104250605421E-008
   177.00000000000000        3.7160273783234539E-007
   176.00000000000000        1.4959307655813086E-008
   175.00000000000000        3.8367906407496421E-007
   174.00000000000000        3.5796995266975370E-008
   173.00000000000000        3.9854148611915187E-007
   172.00000000000000        1.3477102149394784E-008
   171.00000000000000        3.8935648112280541E-007
   170.00000000000000        3.5115289126258847E-008
   169.00000000000000        3.7304583013585131E-007
   168.00000000000000        1.3045036565980851E-008
   167.00000000000000        3.8921494984143457E-007
   166.00000000000000        2.9181968513374906E-008
   165.00000000000000        3.7346247622855415E-007
   164.00000000000000        1.1801023972358025E-008
   163.00000000000000        3.8549559159170148E-007
   162.00000000000000        3.3704624396227880E-008
   161.00000000000000        3.1864399143917295E-007
   160.00000000000000        1.2221206439631628E-008
   159.00000000000000        3.6472010859631047E-007
   158.00000000000000        3.3230019301069897E-008
   157.00000000000000        3.1113590810409013E-007
   156.00000000000000        1.2680401211068642E-008
   155.00000000000000        3.7233167193518745E-007
   154.00000000000000        3.4206569864990027E-008
   153.00000000000000        3.2461883512191140E-007
   152.00000000000000        1.3847337107418984E-008
   151.00000000000000        3.3899952261969589E-007
   150.00000000000000        3.2237361503261455E-008
   149.00000000000000        3.0131332255984888E-007
   148.00000000000000        1.3111378312199596E-008
   147.00000000000000        3.2249825716473887E-007
   146.00000000000000        3.6540863276048205E-008
   145.00000000000000        2.7443395726937248E-007
   144.00000000000000        1.5316669040576224E-008
   143.00000000000000        3.1894524508797828E-007
   142.00000000000000        3.3691510487002477E-008
   141.00000000000000        2.5101399615999220E-007
   140.00000000000000        1.3690502282873014E-008
   139.00000000000000        3.0238767549484319E-007
   138.00000000000000        3.2597315930137410E-008
   137.00000000000000        2.6923986308424254E-007
   136.00000000000000        1.4470729726626444E-008
   135.00000000000000        2.7670192003112291E-007
   134.00000000000000        3.0772752923937776E-008
   133.00000000000000        2.6800910562226525E-007
   132.00000000000000        1.5939713490538264E-008
   131.00000000000000        2.9931797874845915E-007
   130.00000000000000        3.2708331591686826E-008
   129.00000000000000        2.8140505043275720E-007
   128.00000000000000        1.6626168674609184E-008
   127.00000000000000        2.7818008799800478E-007
   126.00000000000000        3.5819376552471918E-008
   125.00000000000000        2.7981326107856404E-007
   124.00000000000000        1.8382922146518225E-008
   123.00000000000000        2.6781634446614489E-007
   122.00000000000000        3.3011058320763094E-008
   121.00000000000000        2.6636942450239567E-007
   120.00000000000000        2.0051737022796881E-008
   119.00000000000000        2.9202575866427423E-007
   118.00000000000000        3.4600842042448251E-008
   117.00000000000000        2.5312958773546005E-007
   116.00000000000000        1.9129410212467287E-008
   115.00000000000000        2.5796241631867173E-007
   114.00000000000000        3.1950673714609779E-008
   113.00000000000000        2.4551235776982585E-007
   112.00000000000000        1.8636713029255996E-008
   111.00000000000000        2.7195871655195410E-007
   110.00000000000000        3.6698865387573289E-008
   109.00000000000000        2.6964235713901404E-007
   108.00000000000000        1.9107120590995198E-008
   107.00000000000000        2.7542768709088674E-007
   106.00000000000000        3.9968979147145176E-008
   105.00000000000000        2.8862906627317835E-007
   104.00000000000000        2.0118501151532635E-008
   103.00000000000000        2.7604428789299159E-007
   102.00000000000000        4.0890677661358718E-008
   101.00000000000000        2.9952342332273930E-007
   100.00000000000000        1.9590019136553293E-008
   99.000000000000000        2.9016991555879665E-007
   98.000000000000000        3.4612701072346369E-008
   97.000000000000000        2.9415689861280711E-007
   96.000000000000000        1.9688658017743082E-008
   95.000000000000000        2.9024401383197962E-007
   94.000000000000000        3.8717612541183980E-008
   93.000000000000000        3.1225011560823901E-007
   92.000000000000000        1.8575981280951499E-008
   91.000000000000000        2.8586775153716177E-007
   90.000000000000000        3.7710127477488780E-008
   89.000000000000000        3.0201832064887498E-007
   88.000000000000000        1.5778375590676587E-008
   87.000000000000000        2.8426520273329167E-007
   86.000000000000000        4.1314673446199991E-008
   85.000000000000000        2.6393720711738357E-007
   84.000000000000000        1.6237945881316853E-008
   83.000000000000000        2.8489763850402994E-007
   82.000000000000000        4.6082882262663433E-008
   81.000000000000000        3.1684270477695959E-007
   80.000000000000000        1.5513798894947097E-008
   79.000000000000000        2.6419884824587784E-007
   78.000000000000000        4.9447619367672632E-008
   77.000000000000000        2.8781679463613652E-007
   76.000000000000000        1.7762195626102938E-008
   75.000000000000000        2.5183192106080916E-007
   74.000000000000000        4.6794300078033087E-008
   73.000000000000000        2.6356180125768752E-007
   72.000000000000000        1.5485294966947945E-008
   71.000000000000000        2.4982046455700139E-007
   70.000000000000000        4.6146056772910053E-008
   69.000000000000000        2.4917785114039889E-007
   68.000000000000000        1.5060268042491987E-008
   67.000000000000000        2.3180882044469369E-007
   66.000000000000000        4.4241849560053620E-008
   65.000000000000000        2.4962795247421126E-007
   64.000000000000000        1.3705349480195923E-008
   63.000000000000000        2.3559254686965363E-007
   62.000000000000000        4.5855682050658951E-008
   61.000000000000000        2.2985432645433696E-007
   60.000000000000000        1.0774041882521243E-008
   59.000000000000000        2.2995979629680225E-007
   58.000000000000000        4.7356223481621801E-008
   57.000000000000000        2.3323564480092645E-007
   56.000000000000000        1.2010415754904088E-008
   55.000000000000000        2.2778979842458147E-007
   54.000000000000000        4.0831351354701717E-008
   53.000000000000000        2.3987173738928193E-007
   52.000000000000000        1.2014167179694673E-008
   51.000000000000000        2.4330066596757748E-007
   50.000000000000000        4.1185555713082802E-008
   49.000000000000000        2.1221737580053768E-007
   48.000000000000000        1.1945145244941155E-008
   47.000000000000000        2.2452986068745346E-007
   46.000000000000000        4.7724580816984345E-008
   45.000000000000000        2.0311428537416442E-007
   44.000000000000000        1.3647342259332083E-008
   43.000000000000000        2.1431061323620929E-007
   42.000000000000000        4.2787530409497670E-008
   41.000000000000000        2.4534449606799743E-007
   40.000000000000000        1.4567143031528619E-008
   39.000000000000000        2.2857887919691696E-007
   38.000000000000000        3.7389354006214752E-008
   37.000000000000000        2.3445232551067577E-007
   36.000000000000000        1.7473406495621845E-008
   35.000000000000000        2.3892270904150573E-007
   34.000000000000000        4.3166098860069462E-008
   33.000000000000000        2.1140710859150540E-007
   32.000000000000000        2.7452352343410774E-008
   31.000000000000000        2.5741627481758222E-007
   30.000000000000000        5.9531832483260010E-008
   29.000000000000000        2.7294834478526905E-007
   28.000000000000000        6.6100417026474114E-008
   27.000000000000000        3.4824997980562149E-007
   26.000000000000000        1.2699776430859141E-007
   25.000000000000000        4.5557424245682724E-007
   24.000000000000000        2.0986686970688098E-007
   23.000000000000000        8.7241436820255038E-007
   22.000000000000000        4.7173139932521628E-007
   21.000000000000000        2.2745184234804790E-006
   20.000000000000000        1.3379401284433877E-006
   19.000000000000000        1.1013226340287293E-005
   18.000000000000000        6.3174078668926688E-006
   17.000000000000000        9.5662790956218822E-005
   16.000000000000000        4.0091609748127335E-005
   15.000000000000000        7.5692252762516701E-004
   14.000000000000000        1.3847292030891244E-004
   13.000000000000000        2.7063660273287330E-003
   12.000000000000000        1.8719511583021629E-004
   11.000000000000000        5.4432940161492369E-003
   10.000000000000000        1.8881706246898244E-004
   9.0000000000000000        1.4305532777601543E-002
   8.0000000000000000        2.5152679828358547E-005
   7.0000000000000000        7.1799670295422243E-003
   6.0000000000000000        1.4558304264241119E-004
   5.0000000000000000        1.3629453930726365E-002
   4.0000000000000000        1.1544408416401507E-004
   3.0000000000000000        6.1102011560975706E-003
   2.0000000000000000        3.5638906338062397E-004
   1.0000000000000000        3.1957430254885524E-002
